Modularity = 0.8112471
6825 clusters, 1234877 total edges, 28098 inter-cluster edges
Community sizes
 3826  3860  3871  3878  3894  3899  3905  3909  3916  3917  3920  3921  3922 
    2     2     2     2     2     2     2     2     2     2     2     2     2 
 3924  3927  3930  3931  3932  3933  3935  3945  3947  3956  3957  3959  3962 
    2     2     2     2     2     2     2     2     2     2     2     2     2 
 3966  3967  3968  3969  3971  3972  3974  3976  3977  3978  3980  3981  3982 
    2     2     2     2     2     2     2     2     2     2     2     2     2 
 3983  3984  3985  3986  3989  3990  3993  3994  3999  4001  4002  4005  4006 
    2     2     2     2     2     2     2     2     2     2     2     2     2 
 4009  4010  4011  4012  4013  4014  4016  4018  4019  4020  4021  4022  4024 
    2     2     2     2     2     2     2     2     2     2     2     2     2 
 4027  4029  4033  4034  4035  4037  4040  4041  4042  4043  4044  4046  4050 
    2     2     2     2     2     2     2     2     2     2     2     2     2 
 4051  4052  4053  4055  4057  4058  4059  4063  4065  4066  4067  4068  4069 
    2     2     2     2     2     2     2     2     2     2     2     2     2 
 4070  4071  4072  4073  4075  4076  4078  4080  4082  4083  4084  4085  4086 
    2     2     2     2     2     2     2     2     2     2     2     2     2 
 4087  4088  4089  4090  4091  4092  4093  4094  4095  4096  4097  4098  4099 
    2     2     2     2     2     2     2     2     2     2     2     2     2 
 4100  4101  4102  4103  4104  4106  4107  4108  4109  4111  4113  4114  4115 
    2     2     2     2     2     2     2     2     2     2     2     2     2 
 4118  4121  4123  4124  4127  4128  4129  4130  4132  4135  4137  4138  4139 
    2     2     2     2     2     2     2     2     2     2     2     2     2 
 4141  4144  4145  4146  4148  4149  4150  4151  4153  4155  4156  4157  4158 
    2     2     2     2     2     2     2     2     2     2     2     2     2 
 4161  4163  4164  4165  4166  4168  4169  4170  4171  4172  4173  4174  4176 
    2     2     2     2     2     2     2     2     2     2     2     2     2 
 4177  4179  4180  4181  4182  4183  4184  4185  4187  4188  4190  4191  4192 
    2     2     2     2     2     2     2     2     2     2     2     2     2 
 4193  4194  4195  4196  4197  4198  4200  4201  4202  4204  4205  4206  4207 
    2     2     2     2     2     2     2     2     2     2     2     2     2 
 4208  4210  4211  4212  4213  4214  4215  4216  4217  4218  4219  4222  4223 
    2     2     2     2     2     2     2     2     2     2     2     2     2 
 4224  4225  4226  4228  4229  4230  4231  4232  4233  4234  4235  4236  4237 
    2     2     2     2     2     2     2     2     2     2     2     2     2 
 4238  4239  4240  4241  4242  4243  4244  4245  4247  4248  4250  4252  4253 
    2     2     2     2     2     2     2     2     2     2     2     2     2 
 4254  4255  4256  4257  4258  4259  4260  4261  4262  4263  4264  4266  4267 
    2     2     2     2     2     2     2     2     2     2     2     2     2 
 4268  4269  4270  4271  4272  4274  4275  4276  4278  4279  4280  4281  4282 
    2     2     2     2     2     2     2     2     2     2     2     2     2 
 4285  4286  4288  4289  4290  4291  4294  4295  4296  4297  4298  4299  4300 
    2     2     2     2     2     2     2     2     2     2     2     2     2 
 4301  4302  4303  4304  4307  4309  4310  4311  4313  4314  4315  4316  4319 
    2     2     2     2     2     2     2     2     2     2     2     2     2 
 4320  4321  4322  4324  4326  4327  4328  4329  4331  4332  4333  4334  4335 
    2     2     2     2     2     2     2     2     2     2     2     2     2 
 4336  4338  4339  4340  4341  4343  4344  4345  4347  4349  4350  4351  4352 
    2     2     2     2     2     2     2     2     2     2     2     2     2 
 4353  4355  4358  4359  4361  4363  4365  4366  4370  4371  4372  4381  4393 
    2     2     2     2     2     2     2     2     2     2     2     2     2 
 4396  4398  4399  4400  4401  4405  4406  4417  4419  4423  4425  4426  4429 
    2     2     2     2     2     2     2     2     2     2     2     2     2 
 4430  4434  4436  4442  4446  4447  4455  4462  4463  4465  4472  4582  4596 
    2     2     2     2     2     2     2     2     2     2     2     2     2 
 4623  4625  4628  4633  4660  4663  4676  4678  4681  4685  4701  4704  4705 
    2     2     2     2     2     2     2     2     2     2     2     2     2 
 4707  4709  4716  4717  4718  4721  4726  4730  4737  4752  6825  2585  2609 
    2     2     2     2     2     2     2     2     2     2     2     3     3 
 2648  2669  2672  2673  2678  2680  2689  2690  2698  2710  2716  2725  2729 
    3     3     3     3     3     3     3     3     3     3     3     3     3 
 2733  2734  2740  2741  2749  2755  2761  3008  3022  3035  3047  3058  3108 
    3     3     3     3     3     3     3     3     3     3     3     3     3 
 3138  3249  3250  3279  3283  3288  3294  3310  3318  3330  3337  3361  3385 
    3     3     3     3     3     3     3     3     3     3     3     3     3 
 3390  3393  3408  3469  3479  3522  3534  3577  3589  3599  3606  3608  3620 
    3     3     3     3     3     3     3     3     3     3     3     3     3 
 3627  3630  3637  3639  3643  3655  3659  3664  3667  3668  3669  3673  3674 
    3     3     3     3     3     3     3     3     3     3     3     3     3 
 3675  3677  3678  3679  3680  3684  3686  3687  3688  3691  3693  3698  3713 
    3     3     3     3     3     3     3     3     3     3     3     3     3 
 3742  3750  3754  3755  3757  3764  3767  3798  3801  3802  3810  3814  3827 
    3     3     3     3     3     3     3     3     3     3     3     3     3 
 3834  3848  3851  3862  3870  3872  3904  3928  3938  3973  3997  4489  4492 
    3     3     3     3     3     3     3     3     3     3     3     3     3 
 4494  4495  4498  4499  4512  4513  4515  4517  4522  4531  4532  4534  4540 
    3     3     3     3     3     3     3     3     3     3     3     3     3 
 4541  4543  4544  4546  4548  4550  4553  4555  4558  4559  4565  4567  4574 
    3     3     3     3     3     3     3     3     3     3     3     3     3 
 4575  4576  4585  4586  4590  4592  4595  4597  4598  4602  4605  4606  4609 
    3     3     3     3     3     3     3     3     3     3     3     3     3 
 4611  4612  4614  4617  4626  4632  4634  4637  4642  4645  4650  4652  4654 
    3     3     3     3     3     3     3     3     3     3     3     3     3 
 4656  4659  4661  4664  4665  4669  4670  4671  4673  4675  4679  4684  4687 
    3     3     3     3     3     3     3     3     3     3     3     3     3 
 4690  4698  4700  4702  4703  4706  4708  4710  4711  4714  4720  4723  4724 
    3     3     3     3     3     3     3     3     3     3     3     3     3 
 4731  4733  4739  4740  4741  4748  4750  4753  4755  4760  4761  4766  4770 
    3     3     3     3     3     3     3     3     3     3     3     3     3 
 4783  4794  4796  4797  4801  4802  4806  4808  4809  4810  4823  4828  4830 
    3     3     3     3     3     3     3     3     3     3     3     3     3 
 4831  4832  4835  4840  4841  4843  4850  4852  4856  4863  4868  4874  4877 
    3     3     3     3     3     3     3     3     3     3     3     3     3 
 4880  4888  4897  4913  4917  4919  4922  4924  4935  4938  4939  4941  4943 
    3     3     3     3     3     3     3     3     3     3     3     3     3 
 4945  4947  4948  4949  4950  4951  4953  4954  4957  4960  4963  4964  4966 
    3     3     3     3     3     3     3     3     3     3     3     3     3 
 4967  4970  4977  5001  5008  5010  5017  5043  5046  5073  5220  5447  5511 
    3     3     3     3     3     3     3     3     3     3     3     3     3 
 5572  5605  5642  5713  5726  5740  5821  5872  5904  5912  5943  5952  6027 
    3     3     3     3     3     3     3     3     3     3     3     3     3 
 6060  6061  6070  6077  6140  1442  1469  1513  1568  1576  1577  1597  1669 
    3     3     3     3     3     4     4     4     4     4     4     4     4 
 1692  1700  1712  1795  2098  2126  2219  2254  2287  2292  2365  2396  2509 
    4     4     4     4     4     4     4     4     4     4     4     4     4 
 2535  2590  2607  2626  2656  2679  2727  2836  2848  2959  2962  3009  3012 
    4     4     4     4     4     4     4     4     4     4     4     4     4 
 3033  3079  3090  3091  3105  3125  3131  3151  3152  3161  3293  3305  3316 
    4     4     4     4     4     4     4     4     4     4     4     4     4 
 3336  3338  3353  3399  3411  3438  3439  3447  3477  3487  3501  3505  3516 
    4     4     4     4     4     4     4     4     4     4     4     4     4 
 3551  3556  3593  3601  3609  3610  3614  3615  3619  3622  3635  3649  3710 
    4     4     4     4     4     4     4     4     4     4     4     4     4 
 3718  3745  3768  3769  3795  3797  3812  3820  3825  3829  3833  3859  3861 
    4     4     4     4     4     4     4     4     4     4     4     4     4 
 3868  3869  3884  3885  3887  3888  3893  3907  3908  3937  3943  3946  4064 
    4     4     4     4     4     4     4     4     4     4     4     4     4 
 4126  4249  4362  4437  4458  4482  4491  4523  4572  4629  4657  4763  4803 
    4     4     4     4     4     4     4     4     4     4     4     4     4 
 4814  4834  4845  4853  4855  4857  4861  4862  4866  4872  4875  4876  4883 
    4     4     4     4     4     4     4     4     4     4     4     4     4 
 4889  4891  4894  4895  4896  4928  4930  4932  4933  4942  4962  5192  5210 
    4     4     4     4     4     4     4     4     4     4     4     4     4 
 5225  5365  5525  5654  5715  5813  5833  5897  5995  6005  6078  6135  6452 
    4     4     4     4     4     4     4     4     4     4     4     4     4 
 6824  1050  1051  1147  1174  1586  1598  1839  1865  1918  1925  1969  2000 
    4     5     5     5     5     5     5     5     5     5     5     5     5 
 2004  2023  2030  2173  2236  2259  2267  2272  2275  2282  2325  2341  2379 
    5     5     5     5     5     5     5     5     5     5     5     5     5 
 2386  2394  2443  2488  2491  2504  2591  2697  2745  2796  2819  2829  2872 
    5     5     5     5     5     5     5     5     5     5     5     5     5 
 2878  2886  2891  2919  2931  2940  2943  2975  2981  3001  3016  3032  3056 
    5     5     5     5     5     5     5     5     5     5     5     5     5 
 3065  3081  3088  3098  3133  3172  3224  3253  3257  3265  3327  3331  3347 
    5     5     5     5     5     5     5     5     5     5     5     5     5 
 3359  3395  3417  3445  3474  3494  3504  3508  3513  3543  3547  3560  3580 
    5     5     5     5     5     5     5     5     5     5     5     5     5 
 3595  3629  3712  3715  3738  3772  3789  3793  3842  3880  3900  3919  3923 
    5     5     5     5     5     5     5     5     5     5     5     5     5 
 3925  3996  4134  4305  4337  4407  4409  4789  4813  4858  4905  4906  5160 
    5     5     5     5     5     5     5     5     5     5     5     5     5 
 5196  5212  5285  5290  5348  5368  5385  5405  5409  5461  5565  5591  5628 
    5     5     5     5     5     5     5     5     5     5     5     5     5 
 5698  5870  5876  5920  5938  5981  5989  6006  6007  6032  6105  6109  6165 
    5     5     5     5     5     5     5     5     5     5     5     5     5 
 6310  6655  6678  6719  6731  6754  6770  6771  6777  6787  6802  6821  6822 
    5     5     5     5     5     5     5     5     5     5     5     5     5 
 6823   201   261   299   584  1090  1366  1587  1610  1760  1775  1854  1856 
    5     6     6     6     6     6     6     6     6     6     6     6     6 
 1915  1965  2040  2061  2076  2093  2101  2114  2140  2144  2162  2169  2174 
    6     6     6     6     6     6     6     6     6     6     6     6     6 
 2211  2240  2247  2288  2299  2330  2358  2376  2601  2666  2709  2759  2765 
    6     6     6     6     6     6     6     6     6     6     6     6     6 
 2767  2773  2780  2783  2803  2816  2823  2831  2834  2857  2860  2899  2916 
    6     6     6     6     6     6     6     6     6     6     6     6     6 
 2986  3005  3010  3049  3055  3064  3115  3132  3135  3143  3158  3166  3167 
    6     6     6     6     6     6     6     6     6     6     6     6     6 
 3169  3173  3177  3181  3182  3187  3191  3192  3194  3198  3210  3215  3242 
    6     6     6     6     6     6     6     6     6     6     6     6     6 
 3243  3244  3256  3258  3263  3267  3274  3278  3285  3289  3307  3317  3320 
    6     6     6     6     6     6     6     6     6     6     6     6     6 
 3333  3339  3363  3388  3389  3420  3421  3468  3486  3512  3515  3524  3526 
    6     6     6     6     6     6     6     6     6     6     6     6     6 
 3558  3727  3746  3845  3849  3856  3858  3901  3987  3992  4147  4323  4364 
    6     6     6     6     6     6     6     6     6     6     6     6     6 
 4383  4394  4466  4479  4485  4584  4593  4636  4674  4693  4754  4759  4767 
    6     6     6     6     6     6     6     6     6     6     6     6     6 
 4822  4824  4838  4851  4878  4879  4923  4926  4937  4955  4972  4984  5007 
    6     6     6     6     6     6     6     6     6     6     6     6     6 
 5016  5028  5034  5053  5058  5070  5091  5097  5106  5120  5123  5125  5138 
    6     6     6     6     6     6     6     6     6     6     6     6     6 
 5165  5172  5175  5215  5226  5232  5237  5247  5266  5272  5274  5281  5282 
    6     6     6     6     6     6     6     6     6     6     6     6     6 
 5286  5303  5332  5333  5372  5375  5378  5383  5384  5386  5387  5399  5413 
    6     6     6     6     6     6     6     6     6     6     6     6     6 
 5425  5426  5428  5434  5456  5457  5462  5465  5467  5469  5470  5483  5485 
    6     6     6     6     6     6     6     6     6     6     6     6     6 
 5489  5494  5506  5507  5526  5530  5534  5535  5550  5566  5567  5569  5571 
    6     6     6     6     6     6     6     6     6     6     6     6     6 
 5573  5581  5583  5598  5607  5609  5614  5615  5618  5631  5632  5634  5636 
    6     6     6     6     6     6     6     6     6     6     6     6     6 
 5648  5656  5657  5667  5668  5669  5670  5677  5684  5688  5694  5697  5702 
    6     6     6     6     6     6     6     6     6     6     6     6     6 
 5703  5704  5705  5707  5708  5710  5711  5727  5731  5734  5738  5741  5753 
    6     6     6     6     6     6     6     6     6     6     6     6     6 
 5758  5760  5772  5778  5779  5785  5788  5795  5796  5809  5827  5830  5834 
    6     6     6     6     6     6     6     6     6     6     6     6     6 
 5842  5849  5852  5862  5873  5874  5879  5884  5887  5905  5907  5909  5919 
    6     6     6     6     6     6     6     6     6     6     6     6     6 
 5922  5923  5925  5935  5936  5944  5945  5955  5957  5966  5970  5971  5977 
    6     6     6     6     6     6     6     6     6     6     6     6     6 
 5978  5979  5985  5986  5991  6001  6002  6004  6009  6020  6030  6037  6040 
    6     6     6     6     6     6     6     6     6     6     6     6     6 
 6045  6056  6058  6059  6066  6068  6079  6081  6083  6091  6093  6099  6101 
    6     6     6     6     6     6     6     6     6     6     6     6     6 
 6102  6110  6122  6125  6126  6137  6141  6147  6162  6167  6169  6174  6179 
    6     6     6     6     6     6     6     6     6     6     6     6     6 
 6181  6183  6189  6199  6204  6213  6216  6218  6219  6221  6225  6227  6231 
    6     6     6     6     6     6     6     6     6     6     6     6     6 
 6239  6245  6246  6254  6257  6258  6259  6262  6267  6268  6271  6273  6275 
    6     6     6     6     6     6     6     6     6     6     6     6     6 
 6280  6287  6288  6290  6291  6294  6295  6297  6309  6311  6312  6314  6318 
    6     6     6     6     6     6     6     6     6     6     6     6     6 
 6319  6322  6327  6330  6337  6338  6342  6344  6346  6356  6366  6369  6372 
    6     6     6     6     6     6     6     6     6     6     6     6     6 
 6377  6378  6379  6380  6386  6387  6396  6401  6402  6407  6409  6413  6416 
    6     6     6     6     6     6     6     6     6     6     6     6     6 
 6420  6421  6426  6427  6429  6433  6434  6435  6437  6445  6450  6451  6459 
    6     6     6     6     6     6     6     6     6     6     6     6     6 
 6460  6463  6464  6466  6469  6470  6476  6478  6481  6485  6489  6490  6495 
    6     6     6     6     6     6     6     6     6     6     6     6     6 
 6499  6503  6504  6507  6513  6514  6515  6518  6521  6522  6525  6526  6527 
    6     6     6     6     6     6     6     6     6     6     6     6     6 
 6529  6530  6534  6536  6537  6540  6544  6545  6547  6554  6556  6562  6567 
    6     6     6     6     6     6     6     6     6     6     6     6     6 
 6569  6570  6572  6575  6577  6578  6583  6591  6598  6602  6605  6606  6607 
    6     6     6     6     6     6     6     6     6     6     6     6     6 
 6608  6610  6611  6612  6613  6614  6619  6622  6624  6625  6626  6627  6628 
    6     6     6     6     6     6     6     6     6     6     6     6     6 
 6630  6631  6635  6638  6640  6643  6644  6660  6661  6664  6669  6681  6688 
    6     6     6     6     6     6     6     6     6     6     6     6     6 
 6704  6758  6776  6784  6786  6795  6799  6810  1273  1283  1356  1549  1556 
    6     6     6     6     6     6     6     6     7     7     7     7     7 
 1561  1564  1584  1641  1678  1705  1748  1778  1813  1859  1877  1937  2001 
    7     7     7     7     7     7     7     7     7     7     7     7     7 
 2009  2016  2051  2054  2139  2141  2153  2249  2256  2289  2334  2360  2411 
    7     7     7     7     7     7     7     7     7     7     7     7     7 
 2468  2469  2567  2600  2645  2647  2670  2691  2705  2748  2764  2793  2864 
    7     7     7     7     7     7     7     7     7     7     7     7     7 
 2880  2905  2918  2941  2971  2978  2990  2993  3017  3026  3031  3040  3067 
    7     7     7     7     7     7     7     7     7     7     7     7     7 
 3071  3080  3089  3100  3104  3107  3117  3120  3122  3124  3126  3157  3163 
    7     7     7     7     7     7     7     7     7     7     7     7     7 
 3179  3188  3195  3200  3202  3216  3226  3230  3231  3232  3236  3286  3303 
    7     7     7     7     7     7     7     7     7     7     7     7     7 
 3323  3349  3360  3370  3378  3382  3415  3422  3424  3427  3428  3429  3431 
    7     7     7     7     7     7     7     7     7     7     7     7     7 
 3441  3444  3460  3488  3506  3509  3517  3525  3539  3557  3559  3573  3575 
    7     7     7     7     7     7     7     7     7     7     7     7     7 
 3625  3631  3640  3662  3709  3721  3748  3760  3765  3791  3817  3852  3864 
    7     7     7     7     7     7     7     7     7     7     7     7     7 
 3873  3979  3988  4017  4056  4061  4125  4136  4159  4220  4265  4342  4380 
    7     7     7     7     7     7     7     7     7     7     7     7     7 
 4385  4390  4404  4408  4416  4435  4441  4450  4468  4490  4497  4506  4509 
    7     7     7     7     7     7     7     7     7     7     7     7     7 
 4519  4525  4527  4537  4539  4557  4561  4568  4570  4579  4607  4621  4646 
    7     7     7     7     7     7     7     7     7     7     7     7     7 
 4648  4680  4712  4713  4747  4757  4784  4786  4787  4791  4805  4811  4820 
    7     7     7     7     7     7     7     7     7     7     7     7     7 
 4836  4844  4870  4971  4974  4978  4992  5003  5018  5021  5031  5048  5052 
    7     7     7     7     7     7     7     7     7     7     7     7     7 
 5055  5057  5068  5072  5074  5079  5082  5083  5089  5090  5093  5095  5112 
    7     7     7     7     7     7     7     7     7     7     7     7     7 
 5115  5119  5122  5147  5153  5163  5168  5181  5194  5197  5201  5202  5205 
    7     7     7     7     7     7     7     7     7     7     7     7     7 
 5218  5223  5229  5230  5233  5236  5238  5241  5244  5249  5255  5264  5280 
    7     7     7     7     7     7     7     7     7     7     7     7     7 
 5292  5293  5299  5311  5324  5327  5352  5362  5369  5374  5376  5377  5404 
    7     7     7     7     7     7     7     7     7     7     7     7     7 
 5407  5420  5421  5430  5432  5458  5459  5460  5466  5472  5474  5477  5478 
    7     7     7     7     7     7     7     7     7     7     7     7     7 
 5480  5484  5488  5491  5492  5501  5503  5513  5515  5520  5522  5533  5540 
    7     7     7     7     7     7     7     7     7     7     7     7     7 
 5556  5564  5574  5577  5589  5593  5595  5597  5602  5608  5610  5617  5621 
    7     7     7     7     7     7     7     7     7     7     7     7     7 
 5622  5624  5625  5627  5630  5638  5640  5641  5643  5653  5659  5661  5674 
    7     7     7     7     7     7     7     7     7     7     7     7     7 
 5678  5681  5693  5701  5720  5739  5752  5765  5777  5780  5790  5797  5798 
    7     7     7     7     7     7     7     7     7     7     7     7     7 
 5803  5805  5814  5819  5822  5826  5831  5835  5837  5845  5848  5853  5856 
    7     7     7     7     7     7     7     7     7     7     7     7     7 
 5861  5871  5878  5882  5890  5895  5898  5900  5903  5906  5908  5911  5916 
    7     7     7     7     7     7     7     7     7     7     7     7     7 
 5924  5927  5933  5937  5939  5946  5968  5975  5980  5996  5999  6008  6010 
    7     7     7     7     7     7     7     7     7     7     7     7     7 
 6015  6016  6017  6018  6025  6031  6033  6042  6046  6047  6051  6064  6069 
    7     7     7     7     7     7     7     7     7     7     7     7     7 
 6087  6088  6096  6098  6100  6103  6108  6111  6116  6124  6131  6133  6136 
    7     7     7     7     7     7     7     7     7     7     7     7     7 
 6138  6139  6144  6145  6149  6151  6157  6158  6159  6173  6175  6176  6178 
    7     7     7     7     7     7     7     7     7     7     7     7     7 
 6187  6191  6201  6202  6203  6205  6208  6209  6210  6211  6220  6224  6232 
    7     7     7     7     7     7     7     7     7     7     7     7     7 
 6236  6242  6244  6247  6253  6255  6266  6276  6277  6284  6292  6293  6306 
    7     7     7     7     7     7     7     7     7     7     7     7     7 
 6307  6313  6321  6323  6329  6334  6336  6343  6351  6353  6360  6367  6368 
    7     7     7     7     7     7     7     7     7     7     7     7     7 
 6375  6392  6395  6398  6399  6406  6408  6422  6423  6425  6428  6438  6442 
    7     7     7     7     7     7     7     7     7     7     7     7     7 
 6446  6447  6455  6467  6472  6473  6480  6483  6484  6486  6487  6494  6496 
    7     7     7     7     7     7     7     7     7     7     7     7     7 
 6497  6511  6512  6519  6528  6531  6539  6546  6548  6555  6558  6560  6561 
    7     7     7     7     7     7     7     7     7     7     7     7     7 
 6579  6584  6585  6589  6596  6597  6601  6618  6620  6641  6642  6645  6647 
    7     7     7     7     7     7     7     7     7     7     7     7     7 
 6648  6651  6652  6653  6654  6658  6659  6663  6668  6673  6674  6676  6680 
    7     7     7     7     7     7     7     7     7     7     7     7     7 
 6684  6686  6689  6690  6693  6695  6696  6700  6701  6703  6708  6711  6714 
    7     7     7     7     7     7     7     7     7     7     7     7     7 
 6715  6720  6721  6722  6723  6725  6729  6730  6734  6735  6736  6738  6741 
    7     7     7     7     7     7     7     7     7     7     7     7     7 
 6743  6746  6747  6749  6755  6759  6761  6762  6763  6764  6766  6767  6768 
    7     7     7     7     7     7     7     7     7     7     7     7     7 
 6780  6792  6793   142   470  1156  1189  1220  1398  1488  1566  1574  1631 
    7     7     7     8     8     8     8     8     8     8     8     8     8 
 1661  1710  1717  1912  2017  2052  2154  2175  2343  2371  2387  2390  2446 
    8     8     8     8     8     8     8     8     8     8     8     8     8 
 2512  2557  2577  2587  2588  2619  2624  2659  2660  2664  2693  2704  2723 
    8     8     8     8     8     8     8     8     8     8     8     8     8 
 2752  2770  2785  2809  2814  2827  2828  2846  2861  2890  2917  2920  2950 
    8     8     8     8     8     8     8     8     8     8     8     8     8 
 2960  2974  2983  2991  3006  3021  3029  3036  3042  3045  3053  3054  3119 
    8     8     8     8     8     8     8     8     8     8     8     8     8 
 3139  3140  3196  3218  3219  3225  3356  3375  3405  3406  3412  3456  3489 
    8     8     8     8     8     8     8     8     8     8     8     8     8 
 3491  3502  3528  3545  3549  3553  3555  3612  3621  3641  3642  3651  3671 
    8     8     8     8     8     8     8     8     8     8     8     8     8 
 3703  3706  3733  3751  3753  3778  3780  3781  3844  3853  3866  3913  3914 
    8     8     8     8     8     8     8     8     8     8     8     8     8 
 3941  3995  4120  4133  4175  4178  4317  4346  4373  4374  4375  4397  4410 
    8     8     8     8     8     8     8     8     8     8     8     8     8 
 4412  4427  4440  4443  4448  4452  4464  4475  4481  4484  4504  4505  4510 
    8     8     8     8     8     8     8     8     8     8     8     8     8 
 4514  4526  4529  4547  4563  4583  4630  4641  4644  4651  4725  4728  4742 
    8     8     8     8     8     8     8     8     8     8     8     8     8 
 4745  4751  4772  4778  4780  4782  4785  4788  4817  4821  4829  4837  4849 
    8     8     8     8     8     8     8     8     8     8     8     8     8 
 4860  4864  4892  4893  4904  4914  4944  4952  4965  4969  4982  4993  5012 
    8     8     8     8     8     8     8     8     8     8     8     8     8 
 5022  5035  5040  5041  5042  5049  5066  5067  5075  5088  5107  5110  5128 
    8     8     8     8     8     8     8     8     8     8     8     8     8 
 5130  5133  5137  5158  5167  5178  5185  5191  5193  5200  5204  5213  5216 
    8     8     8     8     8     8     8     8     8     8     8     8     8 
 5217  5240  5243  5256  5258  5261  5265  5273  5278  5284  5294  5297  5306 
    8     8     8     8     8     8     8     8     8     8     8     8     8 
 5320  5326  5329  5335  5342  5345  5349  5351  5353  5354  5357  5359  5367 
    8     8     8     8     8     8     8     8     8     8     8     8     8 
 5370  5373  5389  5392  5395  5398  5410  5412  5414  5418  5433  5441  5443 
    8     8     8     8     8     8     8     8     8     8     8     8     8 
 5445  5446  5450  5454  5455  5468  5487  5490  5496  5497  5505  5510  5531 
    8     8     8     8     8     8     8     8     8     8     8     8     8 
 5536  5544  5545  5546  5555  5568  5575  5582  5588  5592  5612  5633  5637 
    8     8     8     8     8     8     8     8     8     8     8     8     8 
 5647  5650  5652  5662  5663  5666  5673  5680  5686  5687  5690  5692  5696 
    8     8     8     8     8     8     8     8     8     8     8     8     8 
 5712  5717  5719  5729  5732  5733  5750  5751  5757  5768  5771  5774  5781 
    8     8     8     8     8     8     8     8     8     8     8     8     8 
 5786  5792  5793  5794  5800  5804  5812  5825  5828  5840  5843  5863  5864 
    8     8     8     8     8     8     8     8     8     8     8     8     8 
 5865  5866  5867  5868  5888  5889  5891  5894  5899  5917  5932  5942  5947 
    8     8     8     8     8     8     8     8     8     8     8     8     8 
 5951  5956  5962  5965  5988  5990  5997  5998  6011  6013  6026  6029  6038 
    8     8     8     8     8     8     8     8     8     8     8     8     8 
 6048  6049  6053  6057  6071  6073  6075  6082  6085  6086  6114  6117  6123 
    8     8     8     8     8     8     8     8     8     8     8     8     8 
 6132  6142  6146  6153  6160  6168  6171  6182  6185  6188  6190  6194  6196 
    8     8     8     8     8     8     8     8     8     8     8     8     8 
 6198  6200  6207  6222  6226  6235  6243  6264  6274  6279  6281  6286  6289 
    8     8     8     8     8     8     8     8     8     8     8     8     8 
 6317  6333  6335  6347  6350  6352  6363  6370  6373  6376  6384  6385  6397 
    8     8     8     8     8     8     8     8     8     8     8     8     8 
 6403  6410  6412  6415  6417  6419  6432  6436  6440  6443  6448  6449  6456 
    8     8     8     8     8     8     8     8     8     8     8     8     8 
 6461  6477  6479  6492  6493  6501  6506  6508  6517  6523  6533  6541  6563 
    8     8     8     8     8     8     8     8     8     8     8     8     8 
 6564  6565  6571  6574  6581  6582  6586  6592  6593  6609  6615  6636  6637 
    8     8     8     8     8     8     8     8     8     8     8     8     8 
 6649  6656  6670  6671  6675  6677  6682  6685  6687  6691  6694  6697  6698 
    8     8     8     8     8     8     8     8     8     8     8     8     8 
 6705  6706  6710  6713  6718  6726  6728  6732  6733  6737  6739  6748  6752 
    8     8     8     8     8     8     8     8     8     8     8     8     8 
 6753  6757  6760  6769  6774  6775  6779  6782  6788  6789  6790  6797  6801 
    8     8     8     8     8     8     8     8     8     8     8     8     8 
 6803  6805   133   523   557   703   967  1190  1242  1295  1354  1411  1475 
    8     8     9     9     9     9     9     9     9     9     9     9     9 
 1490  1499  1529  1547  1694  1714  1747  1749  1752  1756  1764  1833  1847 
    9     9     9     9     9     9     9     9     9     9     9     9     9 
 1899  2033  2113  2200  2205  2222  2224  2248  2250  2271  2279  2300  2307 
    9     9     9     9     9     9     9     9     9     9     9     9     9 
 2333  2438  2471  2497  2498  2501  2579  2661  2681  2695  2737  2762  2769 
    9     9     9     9     9     9     9     9     9     9     9     9     9 
 2781  2786  2801  2807  2808  2815  2818  2833  2855  2870  2874  2875  2894 
    9     9     9     9     9     9     9     9     9     9     9     9     9 
 2896  2904  2910  2913  2914  2925  2927  2930  2935  2944  2948  3048  3069 
    9     9     9     9     9     9     9     9     9     9     9     9     9 
 3072  3075  3102  3144  3190  3214  3240  3269  3275  3295  3340  3355  3366 
    9     9     9     9     9     9     9     9     9     9     9     9     9 
 3449  3521  3538  3541  3561  3562  3568  3583  3592  3613  3626  3645  3672 
    9     9     9     9     9     9     9     9     9     9     9     9     9 
 3685  3707  3716  3723  3725  3758  3779  3786  3787  3807  3824  3846  3886 
    9     9     9     9     9     9     9     9     9     9     9     9     9 
 3898  3910  3950  3964  3970  3975  4000  4023  4032  4039  4049  4060  4062 
    9     9     9     9     9     9     9     9     9     9     9     9     9 
 4246  4273  4287  4292  4356  4367  4379  4403  4413  4433  4438  4454  4461 
    9     9     9     9     9     9     9     9     9     9     9     9     9 
 4467  4476  4501  4502  4524  4536  4538  4551  4591  4618  4627  4631  4647 
    9     9     9     9     9     9     9     9     9     9     9     9     9 
 4655  4658  4666  4668  4683  4688  4729  4734  4736  4743  4744  4773  4795 
    9     9     9     9     9     9     9     9     9     9     9     9     9 
 4804  4812  4818  4826  4886  4908  4918  4925  4975  4980  4986  4988  4991 
    9     9     9     9     9     9     9     9     9     9     9     9     9 
 4998  5000  5005  5006  5025  5051  5056  5061  5062  5064  5092  5099  5100 
    9     9     9     9     9     9     9     9     9     9     9     9     9 
 5102  5104  5105  5109  5111  5113  5131  5142  5143  5144  5149  5152  5154 
    9     9     9     9     9     9     9     9     9     9     9     9     9 
 5155  5156  5159  5161  5164  5171  5174  5177  5184  5190  5198  5209  5221 
    9     9     9     9     9     9     9     9     9     9     9     9     9 
 5231  5250  5253  5259  5268  5271  5287  5300  5305  5308  5312  5319  5330 
    9     9     9     9     9     9     9     9     9     9     9     9     9 
 5331  5338  5339  5341  5350  5356  5364  5366  5371  5396  5401  5402  5408 
    9     9     9     9     9     9     9     9     9     9     9     9     9 
 5415  5417  5422  5436  5437  5438  5449  5451  5481  5495  5516  5518  5527 
    9     9     9     9     9     9     9     9     9     9     9     9     9 
 5541  5548  5551  5559  5584  5586  5587  5599  5603  5604  5620  5623  5629 
    9     9     9     9     9     9     9     9     9     9     9     9     9 
 5635  5649  5658  5665  5671  5679  5682  5685  5695  5716  5735  5742  5745 
    9     9     9     9     9     9     9     9     9     9     9     9     9 
 5746  5748  5755  5762  5764  5766  5770  5782  5787  5802  5816  5824  5839 
    9     9     9     9     9     9     9     9     9     9     9     9     9 
 5841  5847  5875  5877  5880  5885  5886  5892  5893  5902  5913  5914  5915 
    9     9     9     9     9     9     9     9     9     9     9     9     9 
 5918  5929  5930  5934  5940  5964  5972  5973  5987  5993  6012  6019  6021 
    9     9     9     9     9     9     9     9     9     9     9     9     9 
 6024  6044  6054  6062  6063  6074  6084  6090  6092  6094  6095  6097  6113 
    9     9     9     9     9     9     9     9     9     9     9     9     9 
 6118  6120  6121  6127  6128  6130  6148  6150  6155  6161  6164  6193  6206 
    9     9     9     9     9     9     9     9     9     9     9     9     9 
 6214  6228  6233  6234  6237  6238  6241  6249  6251  6263  6265  6298  6300 
    9     9     9     9     9     9     9     9     9     9     9     9     9 
 6303  6304  6305  6308  6316  6328  6339  6345  6355  6361  6362  6374  6388 
    9     9     9     9     9     9     9     9     9     9     9     9     9 
 6389  6400  6414  6418  6444  6458  6462  6474  6475  6491  6498  6502  6505 
    9     9     9     9     9     9     9     9     9     9     9     9     9 
 6509  6524  6538  6550  6553  6557  6559  6580  6587  6588  6595  6603  6616 
    9     9     9     9     9     9     9     9     9     9     9     9     9 
 6617  6639  6646  6650  6662  6667  6672  6679  6699  6702  6707  6709  6712 
    9     9     9     9     9     9     9     9     9     9     9     9     9 
 6724  6727  6740  6744  6751  6756  6765  6772  6773  6781  6783  6785  6791 
    9     9     9     9     9     9     9     9     9     9     9     9     9 
 6794  6796  6798  6800  6804  6806  6807  6809  6811  6812  6816  6817    77 
    9     9     9     9     9     9     9     9     9     9     9     9    10 
  226   232   520   961   984  1037  1071  1107  1179  1424  1447  1523  1592 
   10    10    10    10    10    10    10    10    10    10    10    10    10 
 1606  1788  1790  1822  1827  1942  1955  1989  1998  2015  2060  2067  2142 
   10    10    10    10    10    10    10    10    10    10    10    10    10 
 2212  2274  2283  2297  2301  2328  2374  2393  2434  2436  2453  2473  2477 
   10    10    10    10    10    10    10    10    10    10    10    10    10 
 2487  2489  2506  2583  2586  2608  2634  2649  2685  2694  2696  2713  2715 
   10    10    10    10    10    10    10    10    10    10    10    10    10 
 2753  2778  2811  2822  2824  2839  2841  2844  2868  2885  2892  2900  2902 
   10    10    10    10    10    10    10    10    10    10    10    10    10 
 2926  2952  2961  2979  2997  3003  3011  3018  3041  3077  3086  3092  3113 
   10    10    10    10    10    10    10    10    10    10    10    10    10 
 3197  3223  3238  3248  3252  3270  3277  3287  3300  3308  3309  3313  3348 
   10    10    10    10    10    10    10    10    10    10    10    10    10 
 3381  3386  3397  3413  3430  3442  3483  3493  3510  3540  3563  3565  3569 
   10    10    10    10    10    10    10    10    10    10    10    10    10 
 3570  3571  3572  3574  3585  3594  3597  3634  3666  3676  3694  3695  3696 
   10    10    10    10    10    10    10    10    10    10    10    10    10 
 3708  3719  3730  3736  3740  3741  3744  3756  3811  3815  3822  3828  3841 
   10    10    10    10    10    10    10    10    10    10    10    10    10 
 3874  3896  3926  3939  3948  3951  3952  3998  4007  4030  4054  4140  4167 
   10    10    10    10    10    10    10    10    10    10    10    10    10 
 4189  4203  4284  4293  4357  4369  4376  4377  4384  4453  4459  4460  4473 
   10    10    10    10    10    10    10    10    10    10    10    10    10 
 4486  4493  4516  4520  4542  4552  4566  4580  4594  4608  4615  4619  4624 
   10    10    10    10    10    10    10    10    10    10    10    10    10 
 4635  4653  4667  4691  4692  4694  4697  4765  4769  4779  4790  4792  4799 
   10    10    10    10    10    10    10    10    10    10    10    10    10 
 4807  4825  4839  4871  4873  4881  4898  4902  4907  4911  4920  4921  4927 
   10    10    10    10    10    10    10    10    10    10    10    10    10 
 4934  4946  4961  5014  5020  5023  5026  5027  5039  5069  5071  5078  5080 
   10    10    10    10    10    10    10    10    10    10    10    10    10 
 5085  5087  5096  5098  5116  5118  5121  5126  5135  5136  5148  5151  5173 
   10    10    10    10    10    10    10    10    10    10    10    10    10 
 5182  5187  5199  5203  5207  5208  5228  5235  5239  5246  5248  5254  5257 
   10    10    10    10    10    10    10    10    10    10    10    10    10 
 5260  5267  5270  5277  5288  5289  5298  5301  5304  5313  5321  5322  5323 
   10    10    10    10    10    10    10    10    10    10    10    10    10 
 5328  5360  5381  5382  5397  5403  5423  5431  5435  5439  5463  5473  5486 
   10    10    10    10    10    10    10    10    10    10    10    10    10 
 5499  5504  5508  5514  5523  5528  5539  5547  5557  5558  5561  5562  5563 
   10    10    10    10    10    10    10    10    10    10    10    10    10 
 5579  5590  5601  5619  5644  5645  5672  5721  5728  5730  5736  5737  5754 
   10    10    10    10    10    10    10    10    10    10    10    10    10 
 5756  5759  5763  5776  5789  5807  5808  5811  5820  5823  5838  5846  5851 
   10    10    10    10    10    10    10    10    10    10    10    10    10 
 5857  5860  5869  5948  5954  5958  5974  5984  5992  5994  6028  6036  6041 
   10    10    10    10    10    10    10    10    10    10    10    10    10 
 6043  6072  6104  6107  6119  6129  6134  6143  6166  6177  6184  6186  6212 
   10    10    10    10    10    10    10    10    10    10    10    10    10 
 6215  6217  6223  6229  6230  6240  6250  6260  6261  6269  6278  6282  6283 
   10    10    10    10    10    10    10    10    10    10    10    10    10 
 6285  6301  6315  6324  6325  6326  6332  6348  6349  6358  6365  6382  6383 
   10    10    10    10    10    10    10    10    10    10    10    10    10 
 6404  6405  6424  6430  6439  6441  6454  6457  6465  6468  6500  6510  6516 
   10    10    10    10    10    10    10    10    10    10    10    10    10 
 6520  6543  6551  6552  6576  6621  6623  6629  6632  6666  6717  6745  6778 
   10    10    10    10    10    10    10    10    10    10    10    10    10 
 6808  6815  6818  6820    33   823   957  1026  1044  1135  1209  1214  1217 
   10    10    10    10    11    11    11    11    11    11    11    11    11 
 1236  1243  1246  1306  1353  1383  1504  1505  1507  1516  1520  1572  1659 
   11    11    11    11    11    11    11    11    11    11    11    11    11 
 1716  1720  1758  1806  1807  1907  1927  1963  1978  1991  2068  2070  2131 
   11    11    11    11    11    11    11    11    11    11    11    11    11 
 2138  2155  2189  2190  2201  2209  2229  2243  2266  2268  2276  2310  2312 
   11    11    11    11    11    11    11    11    11    11    11    11    11 
 2344  2417  2457  2534  2543  2604  2610  2618  2621  2629  2651  2668  2671 
   11    11    11    11    11    11    11    11    11    11    11    11    11 
 2686  2701  2703  2707  2717  2730  2738  2746  2747  2777  2782  2784  2797 
   11    11    11    11    11    11    11    11    11    11    11    11    11 
 2817  2865  2901  2909  2923  2947  2976  2980  2982  3013  3023  3051  3101 
   11    11    11    11    11    11    11    11    11    11    11    11    11 
 3164  3193  3206  3209  3213  3228  3229  3237  3239  3247  3255  3281  3314 
   11    11    11    11    11    11    11    11    11    11    11    11    11 
 3326  3352  3372  3376  3377  3392  3398  3407  3443  3450  3452  3470  3471 
   11    11    11    11    11    11    11    11    11    11    11    11    11 
 3475  3484  3496  3498  3511  3523  3527  3544  3578  3584  3603  3604  3607 
   11    11    11    11    11    11    11    11    11    11    11    11    11 
 3636  3652  3654  3702  3711  3724  3726  3728  3731  3761  3762  3766  3790 
   11    11    11    11    11    11    11    11    11    11    11    11    11 
 3803  3808  3809  3813  3816  3821  3823  3863  3876  3881  3882  3883  3889 
   11    11    11    11    11    11    11    11    11    11    11    11    11 
 3897  3934  3942  3949  3958  3991  4105  4162  4277  4283  4306  4368  4378 
   11    11    11    11    11    11    11    11    11    11    11    11    11 
 4382  4414  4432  4535  4564  4573  4587  4589  4649  4672  4722  4756  4768 
   11    11    11    11    11    11    11    11    11    11    11    11    11 
 4771  4774  4819  4846  4848  4869  4882  4884  4885  4901  4903  4912  4916 
   11    11    11    11    11    11    11    11    11    11    11    11    11 
 4936  4976  4979  4981  4990  4996  4997  5029  5038  5063  5086  5101  5103 
   11    11    11    11    11    11    11    11    11    11    11    11    11 
 5108  5127  5134  5141  5157  5176  5179  5214  5275  5283  5291  5310  5317 
   11    11    11    11    11    11    11    11    11    11    11    11    11 
 5325  5334  5336  5346  5358  5391  5394  5416  5419  5471  5493  5498  5500 
   11    11    11    11    11    11    11    11    11    11    11    11    11 
 5519  5524  5537  5538  5554  5560  5576  5578  5585  5594  5639  5646  5651 
   11    11    11    11    11    11    11    11    11    11    11    11    11 
 5660  5664  5676  5691  5699  5700  5714  5718  5722  5725  5761  5767  5783 
   11    11    11    11    11    11    11    11    11    11    11    11    11 
 5784  5791  5801  5806  5810  5836  5881  5931  5953  5959  5960  5969  6014 
   11    11    11    11    11    11    11    11    11    11    11    11    11 
 6022  6023  6035  6055  6065  6112  6115  6156  6170  6172  6180  6192  6195 
   11    11    11    11    11    11    11    11    11    11    11    11    11 
 6248  6299  6302  6331  6340  6341  6354  6359  6371  6381  6393  6411  6431 
   11    11    11    11    11    11    11    11    11    11    11    11    11 
 6471  6482  6532  6566  6590  6599  6633  6634  6657  6665  6683  6742  6750 
   11    11    11    11    11    11    11    11    11    11    11    11    11 
 6813  6814   447   464   535   609   665   889   897  1034  1039  1130  1139 
   11    11    12    12    12    12    12    12    12    12    12    12    12 
 1184  1192  1237  1280  1308  1375  1382  1423  1426  1428  1431  1484  1491 
   12    12    12    12    12    12    12    12    12    12    12    12    12 
 1525  1546  1557  1579  1645  1682  1722  1727  1737  1766  1771  1776  1781 
   12    12    12    12    12    12    12    12    12    12    12    12    12 
 1817  1893  1911  1917  1932  1935  1974  1976  1983  2026  2036  2043  2071 
   12    12    12    12    12    12    12    12    12    12    12    12    12 
 2074  2075  2083  2103  2109  2134  2145  2151  2172  2178  2181  2185  2223 
   12    12    12    12    12    12    12    12    12    12    12    12    12 
 2227  2237  2270  2280  2303  2314  2335  2338  2342  2356  2409  2419  2433 
   12    12    12    12    12    12    12    12    12    12    12    12    12 
 2448  2495  2508  2510  2516  2527  2528  2537  2556  2560  2561  2575  2589 
   12    12    12    12    12    12    12    12    12    12    12    12    12 
 2595  2625  2632  2635  2640  2642  2653  2667  2683  2687  2702  2706  2711 
   12    12    12    12    12    12    12    12    12    12    12    12    12 
 2718  2719  2720  2721  2722  2736  2756  2766  2772  2792  2794  2799  2800 
   12    12    12    12    12    12    12    12    12    12    12    12    12 
 2806  2840  2850  2854  2866  2867  2882  2889  2898  2906  2921  2924  2937 
   12    12    12    12    12    12    12    12    12    12    12    12    12 
 2955  2963  2966  2973  2989  2996  3025  3043  3052  3057  3082  3103  3110 
   12    12    12    12    12    12    12    12    12    12    12    12    12 
 3111  3162  3175  3204  3211  3212  3241  3259  3261  3284  3291  3301  3319 
   12    12    12    12    12    12    12    12    12    12    12    12    12 
 3334  3341  3345  3351  3367  3380  3384  3423  3432  3478  3490  3497  3518 
   12    12    12    12    12    12    12    12    12    12    12    12    12 
 3519  3532  3533  3536  3550  3554  3582  3591  3596  3600  3623  3699  3720 
   12    12    12    12    12    12    12    12    12    12    12    12    12 
 3735  3747  3749  3752  3774  3775  3799  3830  3831  3835  3847  3857  3865 
   12    12    12    12    12    12    12    12    12    12    12    12    12 
 3906  3936  4015  4026  4038  4074  4152  4154  4312  4348  4360  4386  4395 
   12    12    12    12    12    12    12    12    12    12    12    12    12 
 4421  4422  4428  4439  4449  4456  4469  4471  4478  4496  4507  4560  4577 
   12    12    12    12    12    12    12    12    12    12    12    12    12 
 4601  4603  4610  4616  4677  4682  4686  4699  4715  4732  4764  4816  4859 
   12    12    12    12    12    12    12    12    12    12    12    12    12 
 4915  4989  4994  5013  5015  5024  5037  5077  5094  5114  5129  5132  5139 
   12    12    12    12    12    12    12    12    12    12    12    12    12 
 5140  5145  5170  5183  5219  5224  5251  5262  5263  5279  5295  5296  5340 
   12    12    12    12    12    12    12    12    12    12    12    12    12 
 5343  5355  5361  5363  5388  5390  5427  5440  5444  5452  5479  5482  5502 
   12    12    12    12    12    12    12    12    12    12    12    12    12 
 5512  5517  5529  5570  5606  5611  5683  5709  5743  5747  5749  5769  5773 
   12    12    12    12    12    12    12    12    12    12    12    12    12 
 5775  5799  5818  5832  5844  5850  5854  5855  5858  5859  5901  5910  5921 
   12    12    12    12    12    12    12    12    12    12    12    12    12 
 5928  5963  5967  5982  5983  6000  6039  6067  6080  6163  6197  6256  6320 
   12    12    12    12    12    12    12    12    12    12    12    12    12 
 6357  6364  6390  6391  6535  6542  6573  6716  6819   246   315   708   775 
   12    12    12    12    12    12    12    12    12    13    13    13    13 
  813   933   962   966   968  1013  1020  1032  1082  1085  1165  1188  1215 
   13    13    13    13    13    13    13    13    13    13    13    13    13 
 1225  1254  1293  1302  1346  1368  1452  1459  1472  1474  1487  1515  1533 
   13    13    13    13    13    13    13    13    13    13    13    13    13 
 1534  1538  1540  1570  1580  1596  1601  1634  1648  1693  1698  1715  1837 
   13    13    13    13    13    13    13    13    13    13    13    13    13 
 1840  1864  1882  1892  1903  1947  1952  1984  1999  2022  2037  2050  2059 
   13    13    13    13    13    13    13    13    13    13    13    13    13 
 2097  2106  2107  2116  2118  2120  2123  2150  2158  2159  2166  2167  2171 
   13    13    13    13    13    13    13    13    13    13    13    13    13 
 2193  2198  2221  2235  2244  2264  2284  2286  2349  2353  2392  2400  2407 
   13    13    13    13    13    13    13    13    13    13    13    13    13 
 2410  2424  2440  2467  2474  2476  2496  2502  2511  2518  2546  2555  2559 
   13    13    13    13    13    13    13    13    13    13    13    13    13 
 2602  2615  2617  2622  2630  2639  2654  2682  2684  2700  2714  2768  2787 
   13    13    13    13    13    13    13    13    13    13    13    13    13 
 2795  2832  2863  2883  2897  2911  2912  2933  2936  2946  2954  2958  3000 
   13    13    13    13    13    13    13    13    13    13    13    13    13 
 3020  3024  3050  3073  3083  3109  3127  3165  3174  3186  3199  3201  3207 
   13    13    13    13    13    13    13    13    13    13    13    13    13 
 3272  3298  3304  3312  3322  3324  3325  3329  3332  3343  3354  3365  3387 
   13    13    13    13    13    13    13    13    13    13    13    13    13 
 3394  3400  3402  3403  3414  3418  3451  3455  3463  3467  3495  3507  3546 
   13    13    13    13    13    13    13    13    13    13    13    13    13 
 3564  3566  3602  3605  3644  3657  3663  3722  3739  3743  3763  3782  3800 
   13    13    13    13    13    13    13    13    13    13    13    13    13 
 3839  3867  3902  3911  3940  3944  3954  3955  4008  4025  4028  4036  4048 
   13    13    13    13    13    13    13    13    13    13    13    13    13 
 4117  4143  4186  4308  4318  4354  4420  4431  4444  4470  4483  4500  4508 
   13    13    13    13    13    13    13    13    13    13    13    13    13 
 4511  4528  4530  4588  4600  4604  4643  4662  4735  4738  4775  4827  4833 
   13    13    13    13    13    13    13    13    13    13    13    13    13 
 4887  4909  4910  4973  4987  5011  5033  5044  5050  5065  5081  5084  5146 
   13    13    13    13    13    13    13    13    13    13    13    13    13 
 5166  5180  5186  5188  5269  5309  5316  5318  5337  5379  5406  5424  5429 
   13    13    13    13    13    13    13    13    13    13    13    13    13 
 5442  5475  5532  5580  5596  5600  5613  5655  5723  5744  5815  5817  5829 
   13    13    13    13    13    13    13    13    13    13    13    13    13 
 5896  5926  5950  5961  6003  6052  6106  6152  6252  6272  6296  6394  6568 
   13    13    13    13    13    13    13    13    13    13    13    13    13 
 6604    75   160   477   612   622   666   755   826   831   941  1018  1102 
   13    14    14    14    14    14    14    14    14    14    14    14    14 
 1116  1154  1183  1241  1250  1294  1333  1352  1364  1381  1384  1466  1502 
   14    14    14    14    14    14    14    14    14    14    14    14    14 
 1518  1522  1543  1567  1602  1608  1627  1677  1679  1696  1782  1809  1811 
   14    14    14    14    14    14    14    14    14    14    14    14    14 
 1819  1820  1824  1834  1841  1851  1861  1887  1930  1934  1945  1958  1959 
   14    14    14    14    14    14    14    14    14    14    14    14    14 
 1966  1971  1981  1994  2007  2091  2099  2133  2147  2149  2157  2183  2215 
   14    14    14    14    14    14    14    14    14    14    14    14    14 
 2226  2232  2261  2263  2285  2290  2294  2302  2304  2313  2319  2321  2331 
   14    14    14    14    14    14    14    14    14    14    14    14    14 
 2339  2350  2372  2375  2405  2427  2428  2430  2431  2439  2441  2442  2459 
   14    14    14    14    14    14    14    14    14    14    14    14    14 
 2481  2490  2493  2520  2526  2566  2568  2581  2582  2593  2597  2599  2628 
   14    14    14    14    14    14    14    14    14    14    14    14    14 
 2631  2652  2688  2699  2724  2731  2754  2788  2821  2825  2876  2877  2881 
   14    14    14    14    14    14    14    14    14    14    14    14    14 
 2893  2907  2953  2970  2994  3014  3037  3076  3094  3106  3137  3154  3170 
   14    14    14    14    14    14    14    14    14    14    14    14    14 
 3178  3203  3221  3254  3266  3315  3321  3358  3369  3374  3396  3401  3425 
   14    14    14    14    14    14    14    14    14    14    14    14    14 
 3434  3453  3462  3476  3480  3481  3492  3503  3581  3586  3590  3618  3624 
   14    14    14    14    14    14    14    14    14    14    14    14    14 
 3653  3658  3665  3690  3705  3732  3771  3773  3794  3804  3837  3838  3843 
   14    14    14    14    14    14    14    14    14    14    14    14    14 
 3877  3891  3960  3965  4045  4047  4079  4110  4209  4251  4477  4487  4521 
   14    14    14    14    14    14    14    14    14    14    14    14    14 
 4556  4569  4578  4622  4638  4777  4798  4931  4958  4959  4968  4983  4985 
   14    14    14    14    14    14    14    14    14    14    14    14    14 
 4995  5009  5032  5076  5117  5150  5169  5252  5276  5307  5314  5347  5380 
   14    14    14    14    14    14    14    14    14    14    14    14    14 
 5400  5448  5464  5476  5509  5552  5689  5706  5724  5883  5941  5976  6050 
   14    14    14    14    14    14    14    14    14    14    14    14    14 
 6089  6154  6270  6453  6488  6594  6692    11    80   254   424   486   514 
   14    14    14    14    14    14    14    15    15    15    15    15    15 
  518   530   645   650   836   839   878   883   913   947   988   998  1025 
   15    15    15    15    15    15    15    15    15    15    15    15    15 
 1027  1055  1106  1120  1144  1149  1162  1226  1228  1265  1290  1330  1339 
   15    15    15    15    15    15    15    15    15    15    15    15    15 
 1361  1385  1427  1445  1463  1532  1542  1630  1672  1703  1718  1739  1779 
   15    15    15    15    15    15    15    15    15    15    15    15    15 
 1794  1796  1844  1889  1891  1906  1924  1954  1973  1985  2045  2048  2072 
   15    15    15    15    15    15    15    15    15    15    15    15    15 
 2094  2095  2111  2164  2177  2184  2192  2203  2218  2242  2277  2278  2315 
   15    15    15    15    15    15    15    15    15    15    15    15    15 
 2323  2364  2370  2395  2445  2454  2463  2513  2515  2536  2539  2548  2549 
   15    15    15    15    15    15    15    15    15    15    15    15    15 
 2553  2554  2558  2570  2574  2578  2580  2584  2592  2641  2644  2674  2735 
   15    15    15    15    15    15    15    15    15    15    15    15    15 
 2776  2810  2820  2835  2842  2843  2915  2938  2964  2987  3002  3004  3007 
   15    15    15    15    15    15    15    15    15    15    15    15    15 
 3028  3030  3039  3044  3060  3097  3112  3128  3145  3150  3183  3217  3227 
   15    15    15    15    15    15    15    15    15    15    15    15    15 
 3251  3273  3296  3297  3299  3379  3433  3435  3440  3457  3458  3520  3548 
   15    15    15    15    15    15    15    15    15    15    15    15    15 
 3567  3576  3628  3632  3638  3660  3661  3681  3701  3717  3770  3783  3805 
   15    15    15    15    15    15    15    15    15    15    15    15    15 
 3806  3855  3903  3915  3929  4004  4081  4119  4221  4389  4411  4415  4480 
   15    15    15    15    15    15    15    15    15    15    15    15    15 
 4518  4562  4571  4581  4620  4719  4758  4762  4854  4865  4890  4899  4900 
   15    15    15    15    15    15    15    15    15    15    15    15    15 
 4956  5002  5019  5030  5036  5045  5054  5060  5162  5211  5222  5227  5234 
   15    15    15    15    15    15    15    15    15    15    15    15    15 
 5245  5521  5542  5543  5553  5675  6034  6076  6600    87   143   185   194 
   15    15    15    15    15    15    15    15    15    16    16    16    16 
  203   215   298   348   385   480   620   654   749   751   779   869   910 
   16    16    16    16    16    16    16    16    16    16    16    16    16 
  918   921   929   939   954   991  1021  1023  1053  1070  1131  1157  1180 
   16    16    16    16    16    16    16    16    16    16    16    16    16 
 1187  1193  1196  1326  1386  1415  1432  1464  1497  1527  1537  1553  1554 
   16    16    16    16    16    16    16    16    16    16    16    16    16 
 1582  1588  1589  1615  1622  1665  1686  1695  1741  1753  1755  1780  1793 
   16    16    16    16    16    16    16    16    16    16    16    16    16 
 1821  1828  1835  1857  1876  1886  1894  1897  1916  1931  1938  1944  1970 
   16    16    16    16    16    16    16    16    16    16    16    16    16 
 1987  1988  2010  2028  2032  2056  2077  2089  2096  2102  2127  2128  2132 
   16    16    16    16    16    16    16    16    16    16    16    16    16 
 2137  2170  2188  2214  2228  2233  2246  2253  2295  2346  2354  2361  2373 
   16    16    16    16    16    16    16    16    16    16    16    16    16 
 2380  2382  2384  2388  2404  2418  2421  2422  2429  2462  2472  2475  2482 
   16    16    16    16    16    16    16    16    16    16    16    16    16 
 2503  2505  2541  2545  2564  2572  2576  2598  2611  2643  2665  2676  2726 
   16    16    16    16    16    16    16    16    16    16    16    16    16 
 2757  2771  2774  2791  2845  2859  2869  2887  2888  2928  2929  2932  2934 
   16    16    16    16    16    16    16    16    16    16    16    16    16 
 2939  2942  2945  2972  3019  3038  3046  3059  3061  3062  3063  3096  3129 
   16    16    16    16    16    16    16    16    16    16    16    16    16 
 3136  3142  3189  3220  3235  3246  3260  3268  3271  3282  3302  3344  3357 
   16    16    16    16    16    16    16    16    16    16    16    16    16 
 3371  3410  3436  3482  3692  3704  3734  3759  3796  3890  3895  3953  4003 
   16    16    16    16    16    16    16    16    16    16    16    16    16 
 4112  4116  4122  4160  4330  4418  4424  4474  4488  4727  4749  4781  4800 
   16    16    16    16    16    16    16    16    16    16    16    16    16 
 4847  4867  4929  4999  5059  5124  5195  5302  5344  5393  5549  5949   146 
   16    16    16    16    16    16    16    16    16    16    16    16    17 
  303   352   365   423   456   491   552   737   778   799   812   866   870 
   17    17    17    17    17    17    17    17    17    17    17    17    17 
  877   880  1019  1028  1114  1140  1275  1303  1312  1320  1335  1338  1358 
   17    17    17    17    17    17    17    17    17    17    17    17    17 
 1362  1414  1476  1501  1536  1619  1662  1685  1691  1704  1719  1726  1745 
   17    17    17    17    17    17    17    17    17    17    17    17    17 
 1765  1769  1792  1808  1812  1823  1825  1826  1867  1919  1956  1975  1997 
   17    17    17    17    17    17    17    17    17    17    17    17    17 
 2012  2035  2042  2046  2053  2088  2108  2182  2195  2213  2241  2262  2269 
   17    17    17    17    17    17    17    17    17    17    17    17    17 
 2291  2327  2351  2366  2389  2414  2416  2423  2456  2466  2484  2507  2517 
   17    17    17    17    17    17    17    17    17    17    17    17    17 
 2522  2525  2532  2540  2547  2550  2563  2565  2612  2620  2623  2633  2650 
   17    17    17    17    17    17    17    17    17    17    17    17    17 
 2657  2732  2758  2763  2798  2802  2812  2852  2871  2879  2884  2895  2922 
   17    17    17    17    17    17    17    17    17    17    17    17    17 
 2951  2957  2968  2984  2992  2999  3074  3084  3093  3134  3153  3176  3180 
   17    17    17    17    17    17    17    17    17    17    17    17    17 
 3233  3245  3335  3350  3404  3448  3454  3459  3472  3530  3531  3535  3537 
   17    17    17    17    17    17    17    17    17    17    17    17    17 
 3611  3616  3646  3648  3656  3683  3689  3700  3714  3729  3776  3788  3819 
   17    17    17    17    17    17    17    17    17    17    17    17    17 
 3836  3875  3879  3961  4031  4131  4199  4391  4451  4457  4503  4545  4599 
   17    17    17    17    17    17    17    17    17    17    17    17    17 
 4695  4746  4793  4940  5047  5189  5206  5411  5453  6549    84   128   336 
   17    17    17    17    17    17    17    17    17    17    18    18    18 
  346   452   549   625   631   637   658   663   734   756   792   856   886 
   18    18    18    18    18    18    18    18    18    18    18    18    18 
  916   932   989  1000  1012  1097  1110  1128  1186  1191  1212  1233  1268 
   18    18    18    18    18    18    18    18    18    18    18    18    18 
 1291  1347  1365  1440  1443  1458  1493  1526  1616  1623  1636  1671  1680 
   18    18    18    18    18    18    18    18    18    18    18    18    18 
 1729  1750  1768  1800  1842  1848  1888  1946  1953  2013  2105  2110  2121 
   18    18    18    18    18    18    18    18    18    18    18    18    18 
 2122  2124  2129  2146  2187  2194  2196  2197  2202  2208  2217  2234  2252 
   18    18    18    18    18    18    18    18    18    18    18    18    18 
 2293  2391  2401  2402  2406  2435  2447  2449  2458  2485  2492  2514  2519 
   18    18    18    18    18    18    18    18    18    18    18    18    18 
 2573  2596  2613  2658  2663  2675  2742  2779  2804  2969  2988  3027  3034 
   18    18    18    18    18    18    18    18    18    18    18    18    18 
 3118  3147  3159  3205  3222  3234  3276  3280  3311  3446  3464  3473  3499 
   18    18    18    18    18    18    18    18    18    18    18    18    18 
 3588  3785  3818  4387  4549  4639  4689  4815  5616  5626   272   321   373 
   18    18    18    18    18    18    18    18    18    18    19    19    19 
  407   440   635   717   774   790   793   825   827   830   852   896   977 
   19    19    19    19    19    19    19    19    19    19    19    19    19 
 1005  1015  1047  1052  1069  1125  1163  1166  1177  1224  1231  1266  1270 
   19    19    19    19    19    19    19    19    19    19    19    19    19 
 1297  1300  1301  1307  1369  1397  1405  1435  1453  1471  1480  1524  1539 
   19    19    19    19    19    19    19    19    19    19    19    19    19 
 1571  1599  1618  1650  1655  1687  1690  1699  1709  1734  1770  1772  1777 
   19    19    19    19    19    19    19    19    19    19    19    19    19 
 1798  1845  1860  1872  1880  1904  1905  1920  1922  1926  1936  1951  1968 
   19    19    19    19    19    19    19    19    19    19    19    19    19 
 1979  2008  2041  2044  2064  2092  2104  2117  2168  2176  2186  2206  2216 
   19    19    19    19    19    19    19    19    19    19    19    19    19 
 2220  2239  2281  2298  2318  2322  2336  2352  2359  2378  2399  2403  2426 
   19    19    19    19    19    19    19    19    19    19    19    19    19 
 2432  2451  2460  2616  2636  2637  2847  2853  3078  3141  3208  3264  3292 
   19    19    19    19    19    19    19    19    19    19    19    19    19 
 3373  3391  3409  3461  3514  3529  3542  3617  3647  3682  3697  3854  3912 
   19    19    19    19    19    19    19    19    19    19    19    19    19 
 4142  4392  4696  5004  5242  5315   182   358   375   478   555   583   675 
   19    19    19    19    19    19    20    20    20    20    20    20    20 
  679   698   711   802   821   847   863   950   974  1024  1043  1096  1117 
   20    20    20    20    20    20    20    20    20    20    20    20    20 
 1227  1229  1234  1269  1321  1324  1349  1367  1399  1407  1483  1503  1508 
   20    20    20    20    20    20    20    20    20    20    20    20    20 
 1544  1657  1658  1663  1666  1676  1708  1721  1743  1761  1773  1786  1791 
   20    20    20    20    20    20    20    20    20    20    20    20    20 
 1802  1814  1830  1849  1879  1908  2002  2018  2062  2080  2084  2090  2119 
   20    20    20    20    20    20    20    20    20    20    20    20    20 
 2130  2165  2180  2210  2347  2355  2408  2452  2486  2499  2500  2521  2531 
   20    20    20    20    20    20    20    20    20    20    20    20    20 
 2614  2655  2692  2750  2760  2790  2849  2873  2967  3015  3068  3114  3130 
   20    20    20    20    20    20    20    20    20    20    20    20    20 
 3146  3290  3342  3416  3485  3500  3650  3918  4325  4533  4640  4842   113 
   20    20    20    20    20    20    20    20    20    20    20    20    21 
  138   195   231   256   259   291   293   320   377   380   445   459   515 
   21    21    21    21    21    21    21    21    21    21    21    21    21 
  589   595   630   662   683   690   694   854   884   901  1045  1074  1078 
   21    21    21    21    21    21    21    21    21    21    21    21    21 
 1083  1095  1168  1203  1204  1249  1310  1319  1351  1396  1438  1454  1481 
   21    21    21    21    21    21    21    21    21    21    21    21    21 
 1489  1510  1511  1548  1550  1578  1583  1585  1600  1614  1625  1732  1733 
   21    21    21    21    21    21    21    21    21    21    21    21    21 
 1763  1831  1858  1896  1898  1900  1940  2003  2014  2065  2085  2112  2135 
   21    21    21    21    21    21    21    21    21    21    21    21    21 
 2238  2245  2251  2273  2305  2337  2340  2369  2461  2533  2538  2569  2775 
   21    21    21    21    21    21    21    21    21    21    21    21    21 
 2805  2851  2858  2903  2949  2977  3070  3085  3160  3383  3465  3579  3587 
   21    21    21    21    21    21    21    21    21    21    21    21    21 
 3777  3840  3850  4445  4776   148   175   307   427   492   500   501   529 
   21    21    21    21    21    22    22    22    22    22    22    22    22 
  558   567   576   610   668   699   729   850   881   900   905   931  1171 
   22    22    22    22    22    22    22    22    22    22    22    22    22 
 1257  1316  1327  1344  1393  1417  1420  1437  1439  1468  1595  1626  1638 
   22    22    22    22    22    22    22    22    22    22    22    22    22 
 1740  1759  1797  1816  1875  1883  1928  1941  1967  2006  2038  2073  2078 
   22    22    22    22    22    22    22    22    22    22    22    22    22 
 2163  2225  2368  2444  2465  2470  2524  2529  2571  2712  2728  2743  2744 
   22    22    22    22    22    22    22    22    22    22    22    22    22 
 2862  2965  2985  3116  3121  3168  3368  3426  3466  3892  3963  4388   235 
   22    22    22    22    22    22    22    22    22    22    22    22    23 
  326   408   460   504   506   542   547   574   701   747   752   788   835 
   23    23    23    23    23    23    23    23    23    23    23    23    23 
  844   859   925   978   983   997  1046  1068  1081  1112  1138  1178  1181 
   23    23    23    23    23    23    23    23    23    23    23    23    23 
 1235  1247  1267  1271  1281  1289  1348  1370  1404  1461  1477  1498  1531 
   23    23    23    23    23    23    23    23    23    23    23    23    23 
 1565  1607  1612  1628  1637  1652  1711  1731  1754  1784  1789  1801  1890 
   23    23    23    23    23    23    23    23    23    23    23    23    23 
 1895  1913  1943  1961  1977  2066  2081  2087  2100  2306  2348  2383  2455 
   23    23    23    23    23    23    23    23    23    23    23    23    23 
 2479  2551  2594  2830  3099  3123  3149  3184  3185  3552  3670  3792  3832 
   23    23    23    23    23    23    23    23    23    23    23    23    23 
 4227     2    98   119   263   344   463   502   580   623   640   726   762 
   23    24    24    24    24    24    24    24    24    24    24    24    24 
  791   797   838   865   879   919   942  1011  1061  1064  1104  1115  1208 
   24    24    24    24    24    24    24    24    24    24    24    24    24 
 1253  1278  1304  1318  1322  1377  1421  1425  1436  1455  1456  1521  1552 
   24    24    24    24    24    24    24    24    24    24    24    24    24 
 1604  1640  1643  1647  1651  1736  1751  1767  1815  1873  1990  2020  2063 
   24    24    24    24    24    24    24    24    24    24    24    24    24 
 2156  2357  2363  2480  2544  2552  2662  2739  2751  2789  2813  2837  2856 
   24    24    24    24    24    24    24    24    24    24    24    24    24 
 2995  3095  3171  3598  3633    24   136   163   204   209   276   317   322 
   24    24    24    24    24    25    25    25    25    25    25    25    25 
  334   415   425   441   508   621   648   661   664   705   733   785   861 
   25    25    25    25    25    25    25    25    25    25    25    25    25 
  875   882   908   926   937   973   981   982   993  1014  1076  1077  1079 
   25    25    25    25    25    25    25    25    25    25    25    25    25 
 1132  1142  1160  1195  1211  1213  1238  1340  1360  1392  1394  1594  1624 
   25    25    25    25    25    25    25    25    25    25    25    25    25 
 1673  1838  1843  1868  1871  1884  1885  1901  1902  1949  1964  1980  2011 
   25    25    25    25    25    25    25    25    25    25    25    25    25 
 2058  2204  2257  2309  2377  2381  2397  2606  2708  3066  3156  3262  3306 
   25    25    25    25    25    25    25    25    25    25    25    25    25 
 3346  4554    51    88   130   151   294   412   420   544   670   709   714 
   25    25    26    26    26    26    26    26    26    26    26    26    26 
  718   736   765   805   849   902   915   948   959   964  1007  1008  1036 
   26    26    26    26    26    26    26    26    26    26    26    26    26 
 1048  1065  1092  1108  1111  1143  1148  1151  1277  1373  1406  1416  1441 
   26    26    26    26    26    26    26    26    26    26    26    26    26 
 1519  1545  1742  1762  1783  1810  1852  1869  1996  2055  2148  2230  2255 
   26    26    26    26    26    26    26    26    26    26    26    26    26 
 2308  2437  2523  2646  3419  4402    43   176   252   260   282   297   329 
   26    26    26    26    26    26    27    27    27    27    27    27    27 
  437   457   554   581   604   639   682   706   795   851   858   867   868 
   27    27    27    27    27    27    27    27    27    27    27    27    27 
  876   899   906   952  1029  1033  1058  1161  1172  1239  1248  1256  1260 
   27    27    27    27    27    27    27    27    27    27    27    27    27 
 1334  1403  1409  1418  1419  1430  1462  1467  1514  1558  1617  1633  1683 
   27    27    27    27    27    27    27    27    27    27    27    27    27 
 1684  1707  1728  1836  2031  2086  2125  2152  2199  2332  2385  2464  2542 
   27    27    27    27    27    27    27    27    27    27    27    27    27 
 2562  2908  3087  3362  4613   221   277   300   370   400   521   566   619 
   27    27    27    27    27    28    28    28    28    28    28    28    28 
  685   721   746   965   976  1002  1057  1094  1207  1230  1309  1313  1317 
   28    28    28    28    28    28    28    28    28    28    28    28    28 
 1342  1410  1444  1486  1530  1620  1621  1660  1667  1668  1688  1850  1914 
   28    28    28    28    28    28    28    28    28    28    28    28    28 
 1923  1929  1992  2160  2258  2260  2329  2398  2412  2603  2677  3155  3437 
   28    28    28    28    28    28    28    28    28    28    28    28    28 
 4077    40   129   223   238   330   379   401   493   512   571   624   697 
   28    29    29    29    29    29    29    29    29    29    29    29    29 
  722   725   727   764   872  1080  1126  1210  1219  1244  1288  1311  1323 
   29    29    29    29    29    29    29    29    29    29    29    29    29 
 1329  1422  1479  1590  1605  1609  1653  1725  1774  1818  1866  1921  1957 
   29    29    29    29    29    29    29    29    29    29    29    29    29 
 1962  1972  1995  2039  2367  2483  2998   153   216   288   310   468   475 
   29    29    29    29    29    29    29    30    30    30    30    30    30 
  484   499   507   524   540   655   768   772   787  1038  1062  1119  1150 
   30    30    30    30    30    30    30    30    30    30    30    30    30 
 1155  1182  1272  1331  1350  1374  1380  1402  1449  1492  1495  1517  1535 
   30    30    30    30    30    30    30    30    30    30    30    30    30 
 1562  1573  1593  1632  1654  1689  1746  1757  1787  1853  2005  2161  2191 
   30    30    30    30    30    30    30    30    30    30    30    30    30 
 2324  2345  2413  3148    27    62   213   278   393   395   409   454   550 
   30    30    30    30    31    31    31    31    31    31    31    31    31 
  591   607   618   638   704   728   761   773   829   842   843   914   996 
   31    31    31    31    31    31    31    31    31    31    31    31    31 
 1022  1063  1086  1170  1378  1496  1713  1738  1855  2029  2034  2311  2450 
   31    31    31    31    31    31    31    31    31    31    31    31    31 
 2605  3737   106   159   197   342   406   458   483   551   579   710   715 
   31    31    32    32    32    32    32    32    32    32    32    32    32 
  891   930   969  1016  1067  1087  1121  1124  1252  1325  1345  1379  1400 
   32    32    32    32    32    32    32    32    32    32    32    32    32 
 1413  1434  1450  1603  1611  1881  2021  2024  2027  2057  2069  2231  2638 
   32    32    32    32    32    32    32    32    32    32    32    32    32 
 2956  3328  3364    10    89   245   275   280   357   494   600   681   780 
   32    32    32    33    33    33    33    33    33    33    33    33    33 
  806   945  1088  1118  1133  1218  1263  1292  1296  1337  1465  1730  1803 
   33    33    33    33    33    33    33    33    33    33    33    33    33 
 1829  2047  2425  2478    94   115   135   225   474   605   606   798   972 
   33    33    33    33    34    34    34    34    34    34    34    34    34 
 1035  1101  1129  1223  1305  1482  1551  1563  1635  1646  1649  1744  1950 
   34    34    34    34    34    34    34    34    34    34    34    34    34 
 2136  2317  2494    96   110   247   253   258   309   360   388   450   559 
   34    34    34    35    35    35    35    35    35    35    35    35    35 
  597   660   732   833   837   946   985  1109  1141  1206  1251  1259  1343 
   35    35    35    35    35    35    35    35    35    35    35    35    35 
 1457  1629  1675  1681  1701  1804  2415  2826    59    70   174   180   267 
   35    35    35    35    35    35    35    35    36    36    36    36    36 
  268   366   383   384   419   517   647   695   730   742   796   817   917 
   36    36    36    36    36    36    36    36    36    36    36    36    36 
 1099  1123  1146  1169  1201  1264  1509  1569  1613  1697  1805  1874  2082 
   36    36    36    36    36    36    36    36    36    36    36    36    36 
 2143  2265   144   164   270   362   428   429   433   462   532   594   603 
   36    36    37    37    37    37    37    37    37    37    37    37    37 
  617   677   686   719   759   760   834   894   922   951  1089  1222  1261 
   37    37    37    37    37    37    37    37    37    37    37    37    37 
 1355  1639  1644  1724  1939  1948  2019   391   432   565   904   909   980 
   37    37    37    37    37    37    37    38    38    38    38    38    38 
 1245  1433  2838    90   183   271   311   353   526   533   903   936   963 
   38    38    38    39    39    39    39    39    39    39    39    39    39 
 1145  1314  1832   200   207   325   341   402   414   444   455   510   541 
   39    39    39    40    40    40    40    40    40    40    40    40    40 
  586   691   763   794   862   890  1075  1122  1258  1506  2627    93   233 
   40    40    40    40    40    40    40    40    40    40    40    41    41 
  244   397   548   720   735   846   912   927   949   960   971   995  1100 
   41    41    41    41    41    41    41    41    41    41    41    41    41 
 1276  1286  1387  1541  1799  1982   137   190   193   403   570   577   614 
   41    41    41    41    41    41    42    42    42    42    42    42    42 
  684   783   864   888  1176  1389  1391  1412  1785  1870     8    95   167 
   42    42    42    42    42    42    42    42    42    42    43    43    43 
  202   243   546   716   848   911   923   999  1004  1073  1127  1285  1408 
   43    43    43    43    43    43    43    43    43    43    43    43    43 
 1448  1470  1933  1993  2320  2362   513   563   575   601   615   626   816 
   43    43    43    43    43    43    44    44    44    44    44    44    44 
  920   987  1158  2530  3784   166   187   227   230   333   465   537   538 
   44    44    44    44    44    45    45    45    45    45    45    45    45 
  656   673   724   803   808   840   979  1232  1512  1575  1656  1664  2207 
   45    45    45    45    45    45    45    45    45    45    45    45    45 
 2316    46   349   471   543   568   572   776   860   885   953  1010  1041 
   45    46    46    46    46    46    46    46    46    46    46    46    46 
 1093  1202  1255  1341  1478  1555  1642  1910   290   644   707   800  1240 
   46    46    46    46    46    46    46    46    47    47    47    47    47 
 1279  1390  1429  1494  2115    44   405   410   481   485   569   676   754 
   47    47    47    47    47    48    48    48    48    48    48    48    48 
 1197  1485  1846    50   172   364   525   667   845   970  1185  1274  1359 
   48    48    48    49    49    49    49    49    49    49    49    49    49 
 1862  2179   237   250   295   528  1001  1299  1460  1986    79   112   206 
   49    49    50    50    50    50    50    50    50    50    51    51    51 
  390   398   646   745   767   955  1388  1451  1559  1723   104   162   257 
   51    51    51    51    51    51    51    51    51    51    52    52    52 
  376   592  1167  1200  1336   141   249   313   671   990  1113  1473  1702 
   52    52    52    52    52    53    53    53    53    53    53    53    53 
 1960   127   132   498   564   652   739   741   893   944  1084  1134  1194 
   53    54    54    54    54    54    54    54    54    54    54    54    54 
 1221  1328  1376  1909  2049  2079  2420   150   389   935   958  1072  1670 
   54    54    54    54    54    54    54    55    55    55    55    55    55 
  228   304   327   435   511   596   616   692   824  1395  1560    99   122 
   56    56    56    56    56    56    56    56    56    56    56    57    57 
  140   171   534   820  1216  1282  1284  1401  2296   503   627   633  1137 
   57    57    57    57    57    57    57    57    57    58    58    58    58 
 1164  1372  1581    31   208   306   669  1735   178   314   490   688   696 
   58    58    58    59    59    59    59    59    60    60    60    60    60 
  892   928  1199  1371  1528   224   241   308   343   382   461  1287  2326 
   60    60    60    60    60    61    61    61    61    61    61    61    61 
  189   229   519   598   822   841   992  1500   157   387   426   641   924 
   62    62    62    62    62    62    62    62    63    63    63    63    63 
  161   359   496   818  1031  1056  1591    19   265   956    55    57    61 
   64    64    64    64    64    64    64    65    65    65    66    66    66 
  281   301   369   585   712   873  1091  1173  1706   219   332   446   497 
   66    66    66    66    66    66    66    66    66    67    67    67    67 
  634  1205   100   111   131   134   302   680   758    49   199   292   582 
   67    67    68    68    68    68    68    68    68    69    69    69    69 
  777   810    91   522   738  1066  1315    12    21    73   107   356   394 
   69    69    70    70    70    70    70    71    71    71    71    71    71 
  590   994  1040  1175   125   404   642   975  1878   186   451  1054  1152 
   71    71    71    71    72    72    72    72    72    73    73    73    73 
  418   588  1059  1332    81   689   887   319   335   731    53   757   857 
   74    74    74    74    75    75    75    76    76    76    77    77    77 
  938   305   713  1136   378   561   674   198   316   386   436   766   786 
   77    78    78    78    79    79    79    80    80    80    80    80    80 
  940     1  1098  1105   602   853  1017  1060   222   269   355   770  2025 
   80    81    81    81    82    82    82    82    83    83    83    83    83 
   82   196  1363   338   368   417   453   743   814  1262    30   413   556 
   84    84    84    85    85    85    85    85    85    85    86    86    86 
  784   801   337   545   687   744   351   354   273   381  1153  1159  1446 
   86    86    87    87    87    87    88    88    89    89    89    89    89 
   66   118   312   147   145    36   748   804  1103   898   173   323   411 
   90    90    90    91    92    93    93    93    93    94    95    95    95 
  205   750   832   934  1049   489   809   367   855   126   318   874    72 
   96    96    96    97    97    98    98    99    99   100   100   100   101 
  177    20   479   217   789   449   467   124   340   487   587   509   781 
  101   102   102   103   103   104   104   105   105   105   105   106   106 
  895   399   613  1009   392   599  1006    78   165   371  1674   531   815 
  106   107   107   107   108   108   108   109   109   109   109   110   110 
  505   516   628   651   170   678   442   139   659   672   871   536   422 
  112   112   112   112   113   113   114   115   115   115   115   116   117 
   18   345   643   907   771   632  1003    67   264   361   553   608  1042 
  118   118   118   118   119   120   120   121   121   121   121   123   123 
 1863   472  1198   807    45   262   653   439   578   693   339   448   120 
  123   124   124   125   126   127   127   128   129   129   130   130   131 
  279   372    47   283   828   211   482   466    23   103   396   434   476 
  131   132   133   133   133   134   134   135   138   138   138   139   141 
  109   416   242   473   179   573   240   287   495   181  1298   324  1357 
  142   143   144   144   147   147   148   148   151   153   153   154   155 
  430   593   986    58   562   234   769    32   121   218   286   350   649 
  156   156   156   159   159   160   160   162   162   162   163   165   166 
  539   943   284   101   331  1030   782   296    65   431   469    13   149 
  170   170   171   172   172   172   174   183   186   186   186   188   188 
  753   212   636   239   488   657     7   266   811    35   184   723   611 
  190   192   194   196   196   198   200   205   206   207   208   211   213 
   25   702    68   188     5   117    28   123   347   819   560    76   363 
  216   217   227   227   232   233   241   243   246   250   254   264   265 
  700    52   116   105    37    63   527    60   192   152   102    54   421 
  273   275   280   284   287   287   295   297   301   305   307   314   317 
  740    48   236   248   285   114    41   255   328   251    97   220   374 
  324   330   349   352   360   370   388   388   388   396   412   415   424 
   22   274    38   156   210   443    34    42    92    71    17   169     6 
  425   429   433   433   433   496   518   524   554   560   573   590   611 
  191    83    85   438    39    16   289   168   158   108   629   154    86 
  614   617   619   662   685   698   748   805   872   918   924   990  1004 
  155   214     9    64    69    74    29    56     4    14     3    26    15 
 1089  1151  1163  1655  2662  3062  3255  4529  6073  6709  7557 15660 59102 