0.1991105 0.0001060834 0.0002745213 0.0006567456 0.003343653
0.002933895 0.05568328 0.01468486 0.001221174 0.002253666
6.883277e-05 0.001708672 7.531114e-05 0.000483449 2.348412e-05
5.425642e-05 0.0001368557 0.000938555 0.0009976702 0.0004486277
6.721317e-05 6.478378e-05 6.235439e-05 0.0001166108 0.000247798
2.91527e-05 0.000183824 3.482128e-05 0.0008575753 6.478378e-06
0.002375945 0.0002299824 0.003160639 2.753311e-05 0.000123899
6.397398e-05 8.016993e-05 0.0003482128 0.0003579304 4.534865e-05
3.806047e-05 5.587601e-05 0.0001409047 4.777804e-05 0.0006518868
0.000123899 7.936013e-05 5.74956e-05 6.316419e-05 9.069729e-05
2.186453e-05 0.00011985 0.0004453885 2.024493e-05 0.0001862534
0.0001052736 0.0001287578 5.020743e-05 0.0005417544 0.0001392851
0.0001490027 6.559358e-05 8.016993e-05 0.0002073081 2.672331e-05
8.664831e-05 0.005594079 0.000291527 0.0007684976 3.239189e-05
5.74956e-05 3.887027e-05 0.0009029239 7.126216e-05 2.99625e-05
0.0002218844 4.291925e-05 6.478378e-05 0.0002639939 5.83054e-05
2.672331e-05 3.887027e-05 0.0001822044 0.0001328067 8.097973e-07
0.0003652186 2.672331e-05 0.0002016395 0.0002340314 9.069729e-05
6.154459e-05 5.83054e-05 0.0001052736 0.0001271382 0.001046258
0.0001708672 5.344662e-05 8.988749e-05 0.01079055 7.774054e-05
5.91152e-05 0.0002097375 6.235439e-05 0.0001271382 4.534865e-05
2.99625e-05 5.74956e-05 1.619595e-06 3.239189e-05 6.397398e-05
6.235439e-05 6.316419e-05 4.048986e-05 1.781554e-05 2.83429e-05
2.672331e-05 0.0003700773 3.239189e-05 9.393648e-05 0.0007417743
2.83429e-05 0.0002032591 0.0001004149 9.960506e-05 4.129966e-05
6.964256e-05 0.0002105473 7.612094e-05 0.0001951611 7.369155e-05
0.0001344263 2.672331e-05 8.583851e-05 3.644088e-05 7.531114e-05
2.83429e-05 8.82679e-05 0.000107703 0.0002089277 0.0001295676
3.887027e-05 4.696824e-05 0.00039923 0.0003150111 0.0001943513
0.02632327 0.0001190402 3.482128e-05 0.0001514321 6.559358e-05
4.372905e-05 0.0001052736 4.210946e-05 0.0009142611 0.02295208
7.693074e-05 3.07723e-05 5.344662e-05 2.753311e-05 0.001025203
6.559358e-05 3.158209e-05 6.073479e-05 7.612094e-05 5.344662e-05
0.0001166108 0.001377465 2.591351e-05 7.369155e-05 0.0001149912
0.0002032591 3.806047e-05 4.777804e-05 6.640337e-05 0.000231602
9.960506e-05 0.0002429392 0.0003401148 8.74581e-05 0.0001052736
2.429392e-05 8.178952e-05 1.862534e-05 0.0003222993 2.429392e-06
7.126216e-05 9.474628e-05 0.0002907172 9.555608e-05 4.372905e-05
6.640337e-05 3.644088e-05 8.178952e-05 3.968007e-05 2.510371e-05
8.259932e-05 0.0004308121 0.0001133716 3.239189e-05 6.478378e-05
0.0001627692 4.048986e-05 2.753311e-05 2.99625e-05 5.344662e-05
0.0001311872 3.320169e-05 0.001647937 0.0003862733 2.024493e-05
5.74956e-05 2.83429e-05 0.0001514321 3.644088e-05 3.563108e-05
6.802297e-05 5.425642e-05 6.235439e-05 0.0006794199 3.725067e-05
7.126216e-05 0.0002761409 2.83429e-05 3.482128e-05 0.0001085128
4.939763e-05 9.879526e-05 0.009834988 7.531114e-05 7.045236e-05
8.340912e-05 6.478378e-05 9.879526e-05 8.90777e-05 7.207196e-05
0.0001052736 0.0001368557 3.887027e-05 0.0001149912 0.0001927317
0.0001473831 0.000303674 9.555608e-05 4.534865e-05 0.0006016794
0.0003368757 7.693074e-05 0.0001287578 6.154459e-05 0.0007830739
0.0003125817 0.0001732966 0.0001935415 9.393648e-05 3.563108e-05
6.559358e-05 5.425642e-05 0.0001247088 7.774054e-05 6.478378e-06
0.0001400949 2.99625e-05 4.372905e-05 4.777804e-05 0.0008251834
8.74581e-05 0.0002008297 7.288175e-06 3.806047e-05 0.0001425243
0.0005854834 0.001822044 3.239189e-06 8.90777e-05 2.186453e-05
6.235439e-05 3.887027e-05 7.045236e-05 1.619595e-06 0.0001943513
5.020743e-05 7.207196e-05 6.964256e-05 9.474628e-05 0.0006786101
3.320169e-05 2.348412e-05 8.90777e-05 0.0001911122 5.668581e-05
2.99625e-05 0.0001700574 5.344662e-05 0.0002413196 4.615844e-05
0.0001571007 8.259932e-05 3.07723e-05 5.101723e-05 2.91527e-05
0.0001149912 0.001281099 0.0005879128 0.0001109422 0.0004275729
2.267432e-05 3.158209e-05 4.696824e-05 0.0001805848 3.239189e-05
4.453885e-05 3.725067e-05 0.000107703 0.0001692476 5.587601e-05
9.312668e-05 5.101723e-05 0.0003927517 3.887027e-05 0.00111995
0.0001190402 4.858784e-05 0.0001684378 8.259932e-05 5.9925e-05
7.369155e-05 0.01986028 5.83054e-05 8.016993e-05 0.00874824
0.0002737115 2.83429e-05 0.0001967807 8.502871e-05 9.717567e-05
0.0004640138 5.182702e-05 0.002291726 3.644088e-05 1.781554e-05
6.883277e-05 0.0001190402 0.0001538615 2.753311e-05 4.453885e-05
0.0002081179 5.182702e-05 3.806047e-05 0.0001886828 5.182702e-05
8.90777e-05 2.510371e-05 5.182702e-05 6.721317e-05 2.591351e-05
8.097973e-07 8.74581e-05 8.90777e-06 0.0004275729 3.563108e-05
2.753311e-05 0.0002899074 5.263682e-05 3.563108e-05 4.858784e-05
9.069729e-05 0.0001830142 0.0002583253 0.0001514321 7.531114e-05
0.0001522419 0.000539325 0.001095656 3.968007e-05 0.00143982
3.320169e-05 0.0001692476 0.0002502274 3.482128e-05 5.74956e-05
4.615844e-05 3.968007e-05 5.101723e-05 0.0003360659 2.105473e-05
5.668581e-06 5.83054e-05 0.0002307922 0.0002664233 0.0001498125
0.0001287578 0.0001595301 7.450135e-05 0.0002291726 0.0001052736
0.0003587402 2.105473e-05 7.207196e-05 4.939763e-05 5.425642e-05
0.0001052736 4.534865e-05 2.753311e-05 2.91527e-05 3.158209e-05
6.640337e-05 0.0001068932 7.774054e-05 3.887027e-05 0.0004972155
7.450135e-05 6.478378e-05 4.291925e-05 6.478378e-06 7.531114e-05
4.615844e-05 3.644088e-05 5.182702e-05 2.186453e-05 0.0003579304
0.00011985 3.968007e-05 4.777804e-05 0.003698344 0.0001425243
2.591351e-05 3.806047e-05 1.943513e-05 5.587601e-05 8.988749e-05
8.82679e-05 5.74956e-05 3.725067e-05 0.0001951611 0.0002291726
5.506621e-05 0.001264903 0.0001789652 0.0002008297 5.344662e-05
0.0001344263 2.753311e-05 7.288175e-06 2.105473e-05 7.531114e-05
0.001051927 0.0005061233 0.0001141814 2.591351e-05 2.753311e-05
0.0003303973 0.0001214696 9.312668e-05 5.101723e-05 4.048986e-06
1.619595e-05 0.0001603399 0.0005077429 0.0001174206 2.510371e-05
4.696824e-05 2.024493e-05 5.182702e-05 5.020743e-05 4.453885e-05
0.0001093226 2.672331e-05 3.401148e-05 4.291925e-05 4.777804e-05
3.07723e-05 0.0001328067 7.531114e-05 2.83429e-05 5.506621e-05
0.0003506422 0.0002842388 8.016993e-05 3.806047e-05 4.210946e-05
5.506621e-05 5.101723e-05 0.000163579 6.802297e-05 6.397398e-05
7.855033e-05 0.001220364 0.001589632 7.936013e-05 0.0001085128
0.0001190402 4.372905e-05 3.644088e-05 4.777804e-05 2.672331e-05
9.879526e-05 3.239189e-05 2.348412e-05 8.583851e-05 0.0001595301
0.0003239189 0.0001708672 3.239189e-05 6.316419e-05 0.0009936212
5.91152e-05 0.0001668182 0.000115801 3.644088e-05 3.563108e-05
0.0001465733 1.376655e-05 0.0001044638 0.0006697023 2.672331e-05
0.0007263881 2.91527e-05 7.693074e-05 1.376655e-05 3.482128e-05
6.964256e-05 6.559358e-05 4.048986e-05 7.531114e-05 4.453885e-05
0.0001012247 4.048986e-05 3.158209e-05 1.619595e-06 0.0001384753
8.097973e-07 9.555608e-05 7.288175e-05 0.000111752 4.615844e-05
0.001383134 0.002720919 3.320169e-05 0.0001894926 0.0001951611
7.531114e-05 8.90777e-06 4.777804e-05 0.0001708672 0.0007312469
5.182702e-05 0.0003069132 0.001711102 0.0006203047 5.101723e-05
5.101723e-05 6.802297e-05 0.000127948 2.672331e-05 0.0001336165
4.453885e-05 0.0001384753 1.619595e-06 1.619595e-06 2.591351e-05
2.91527e-05 2.99625e-05 0.002001819 5.91152e-05 0.0001109422
4.615844e-05 5.74956e-05 0.0001004149 4.939763e-05 0.0008891574
0.0001149912 4.939763e-05 0.0001222794 0.0002056885 5.263682e-05
2.348412e-05 6.721317e-05 7.288175e-05 4.534865e-05 2.753311e-05
4.777804e-05 5.182702e-05 0.000115801 0.0005587601 0.0001360459
3.158209e-05 4.291925e-05 5.74956e-05 2.591351e-05 0.0001789652
0.001606638 0.000223504 6.073479e-05 2.267432e-05 6.640337e-05
3.806047e-05 0.0003417344 5.506621e-05 4.291925e-05 6.964256e-05
5.506621e-05 2.753311e-05 2.99625e-05 8.82679e-05 1.943513e-05
1.781554e-05 3.644088e-05 5.83054e-05 0.0001263284 8.097973e-06
8.90777e-06 9.393648e-05 2.91527e-05 7.288175e-06 7.612094e-05
1.862534e-05 7.693074e-05 3.887027e-05 0.0002048787 0.000107703
0.0009992898 0.000403279 0.0001643888 3.563108e-05 4.453885e-05
0.0002453686 0.0001400949 2.267432e-05 4.372905e-05 2.91527e-05
0.001874681 0.0001886828 0.0003984202 5.9925e-05 0.0007490625
2.024493e-05 2.91527e-05 8.988749e-05 4.858784e-05 5.587601e-05
0.0001741064 3.806047e-05 6.802297e-05 0.0002947662 6.397398e-05
0.0001441439 3.806047e-05 4.696824e-05 6.073479e-05 0.0001595301
0.0001400949 8.74581e-05 1.619595e-06 6.397398e-05 0.001355601
9.960506e-05 6.397398e-05 5.506621e-05 3.07723e-05 7.774054e-05
4.048986e-05 5.263682e-05 2.83429e-05 4.696824e-05 2.348412e-05
4.777804e-05 5.020743e-05 3.401148e-05 3.887027e-05 0.000131997
2.91527e-05 0.0002340314 0.0004129966 6.640337e-05 1.619595e-06
7.045236e-05 0.000183824 4.939763e-05 2.591351e-05 9.312668e-05
0.000167628 5.668581e-05 3.644088e-05 0.0003757459 4.129966e-05
4.210946e-05 0.0001619595 0.0001190402 3.887027e-05 5.020743e-05
4.777804e-05 4.372905e-05 2.83429e-05 5.344662e-05 6.559358e-05
7.207196e-05 4.858784e-05 4.291925e-05 3.806047e-05 8.74581e-05
8.664831e-05 2.267432e-05 0.001082699 5.425642e-05 0.0004680628
0.0001133716 0.000223504 0.0001862534 3.158209e-05 3.239189e-05
0.000127948 4.777804e-05 3.968007e-05 3.239189e-05 4.291925e-05
0.000111752 4.210946e-05 3.07723e-05 0.000127948 6.397398e-05
9.474628e-05 4.534865e-05 0.0002680429 0.0001060834 3.158209e-05
0.0001109422 9.474628e-05 2.024493e-05 9.393648e-05 8.340912e-05
2.99625e-05 3.563108e-05 6.559358e-05 4.858784e-06 4.858784e-05
2.429392e-05 6.640337e-05 0.003558249 2.91527e-05 6.154459e-05
0.0001352361 8.421891e-05 3.482128e-05 0.0001603399 0.0004316219
9.231689e-05 2.429392e-05 4.048986e-06 2.429392e-05 3.07723e-05
2.83429e-05 0.0003563108 7.288175e-05 4.210946e-05 0.0001530517
5.506621e-05 8.74581e-05 5.506621e-05 0.0003976105 3.563108e-05
3.563108e-05 0.0001190402 0.0001992101 2.024493e-05 0.0002218844
0.000103654 8.502871e-05 0.0005603797 0.000407328 2.429392e-06
1.052736e-05 0.0001903024 6.397398e-05 0.0001360459 2.672331e-05
2.83429e-05 4.534865e-05 5.506621e-05 6.964256e-05 0.0001789652
9.555608e-05 4.534865e-05 2.753311e-05 0.003221373 0.0009620391
3.158209e-05 0.0001109422 0.0001854436 0.0004688726 0.0002048787
6.721317e-05 0.001376655 4.534865e-05 0.0001571007 8.583851e-05
0.0004551061 7.126216e-05 3.482128e-05 5.425642e-05 1.619595e-05
5.344662e-05 0.0007612094 0.0001214696 0.0001749162 6.235439e-05
6.397398e-05 3.401148e-05 4.615844e-05 0.0001182304 3.07723e-05
5.425642e-05 3.563108e-05 5.101723e-05 0.0001085128 6.883277e-05
1.862534e-05 0.0001384753 9.069729e-05 5.263682e-05 7.288175e-06
2.348412e-05 0.0002567057 1.619595e-05 0.0004769706 5.506621e-05
3.887027e-05 0.0007045236 1.619595e-06 7.531114e-05 0.0001506223
0.002139484 7.288175e-06 7.936013e-05 0.0004081378 0.0001854436
5.263682e-05 4.453885e-05 6.397398e-05 7.531114e-05 0.0002324118
3.887027e-05 0.0009847135 4.291925e-05 2.591351e-05 9.393648e-05
0.0002405098 4.696824e-05 9.717567e-05 0.0001538615 0.0002283628
0.0001255186 0.001896545 0.0001813946 0.0002040689 2.591351e-05
4.534865e-05 3.725067e-05 4.615844e-05 6.559358e-05 0.0002291726
0.0001149912 0.000107703 3.07723e-05 2.429392e-05 3.968007e-05
2.186453e-05 0.0001149912 5.587601e-05 4.048986e-05 5.668581e-06
0.000295576 0.000339305 0.0001020345 8.178952e-05 4.858784e-05
4.534865e-05 6.478378e-05 0.0002332216 3.239189e-05 0.0005862932
5.9925e-05 4.453885e-05 0.0005692875 6.721317e-05 8.74581e-05
2.753311e-05 3.563108e-05 2.753311e-05 4.858784e-06 1.781554e-05
9.555608e-05 2.99625e-05 2.429392e-06 0.00011985 2.91527e-05
0.000243749 5.020743e-05 9.069729e-05 2.105473e-05 5.020743e-05
5.9925e-05 0.0001530517 5.020743e-05 5.425642e-05 0.0001919219
5.344662e-05 9.150709e-05 0.0003231091 3.482128e-05 6.721317e-05
2.99625e-05 2.83429e-05 0.0002040689 2.99625e-05 6.397398e-05
5.425642e-05 1.619595e-06 8.74581e-05 7.288175e-05 5.91152e-05
5.263682e-05 1.295676e-05 2.105473e-05 2.591351e-05 3.725067e-05
3.07723e-05 0.0005150311 9.069729e-05 5.425642e-05 4.210946e-05
1.619595e-06 2.753311e-05 4.291925e-05 2.591351e-05 3.887027e-05
5.668581e-05 0.0003854635 0.0001052736 0.0005506621 1.700574e-05
3.644088e-05 1.214696e-05 6.397398e-05 1.943513e-05 4.048986e-05
0.0003603598 7.369155e-05 3.401148e-05 1.619595e-06 2.186453e-05
0.0001093226 4.129966e-05 4.048986e-05 3.644088e-05 0.0001886828
4.858784e-05 4.048986e-05 4.534865e-05 0.0001506223 0.0001012247
1.862534e-05 9.879526e-05 5.587601e-05 4.048986e-05 0.0002858584
0.0001409047 0.0004057084 3.320169e-05 0.0002842388 0.0003587402
0.0001352361 7.531114e-05 3.968007e-05 7.126216e-05 7.450135e-05
4.939763e-05 4.939763e-05 2.83429e-05 5.83054e-05 0.0001044638
0.0001093226 0.000595201 0.0007336763 6.721317e-05 0.0001732966
7.531114e-05 2.024493e-05 7.693074e-05 8.583851e-05 0.000307723
3.401148e-05 3.158209e-05 0.004016594 2.753311e-05 9.069729e-05
8.097973e-07 5.344662e-05 2.267432e-05 4.615844e-05 3.644088e-05
3.482128e-05 0.0001190402 0.0001166108 5.83054e-05 5.668581e-06
0.0003303973 0.0003214895 0.0003150111 3.968007e-05 4.534865e-05
0.0002963858 0.0002656135 0.000123899 9.717567e-05 6.478378e-06
1.538615e-05 4.372905e-05 0.0002550861 3.320169e-05 2.672331e-05
2.510371e-05 6.154459e-05 5.020743e-05 4.453885e-05 5.9925e-05
3.968007e-05 2.91527e-05 0.0002000199 9.555608e-05 0.000107703
7.207196e-05 0.0002858584 2.429392e-05 0.001045448 2.510371e-05
0.000363599 5.668581e-06 2.83429e-05 6.883277e-05 3.239189e-05
4.210946e-05 6.397398e-05 3.401148e-05 6.073479e-05 7.774054e-05
3.725067e-05 0.0004461983 6.478378e-05 5.74956e-05 5.587601e-05
6.640337e-05 1.619595e-05 9.717567e-06 3.239189e-06 9.717567e-05
3.158209e-05 4.777804e-05 2.105473e-05 0.0001311872 3.887027e-05
5.9925e-05 1.457635e-05 0.0001020345 7.207196e-05 0.003430301
2.186453e-05 0.0008203246 6.397398e-05 9.312668e-05 5.506621e-05
5.668581e-05 7.450135e-05 3.482128e-05 0.0001943513 3.563108e-05
2.91527e-05 4.939763e-05 0.0002145963 4.696824e-05 2.91527e-05
8.259932e-05 0.001472211 0.0001166108 5.101723e-05 5.91152e-05
3.158209e-05 6.316419e-05 9.069729e-05 0.0001490027 3.482128e-05
4.615844e-05 2.429392e-05 0.000415426 0.0002429392 8.097973e-05
7.774054e-05 0.0003449736 0.0004389101 0.0001805848 2.753311e-05
2.83429e-05 5.587601e-05 0.0002291726 3.725067e-05 0.0001692476
0.000107703 8.016993e-05 0.0003563108 3.644088e-05 3.644088e-05
0.0001911122 3.482128e-05 2.83429e-05 0.0001692476 0.0003644088
4.696824e-05 3.968007e-05 8.82679e-05 0.000283429 0.0005206996
0.0001749162 4.534865e-05 2.429392e-05 0.000123899 8.90777e-05
4.048986e-05 4.291925e-05 4.615844e-05 5.587601e-05 2.429392e-05
3.563108e-05 0.000103654 0.0001481929 0.0002226942 0.000183824
0.0003093425 8.340912e-05 0.0001149912 0.0001214696 0.002069842
4.939763e-05 1.862534e-05 2.024493e-05 0.0001182304 0.0001886828
0.0001109422 6.478378e-05 2.105473e-05 0.0001992101 3.401148e-05
3.401148e-05 2.267432e-05 0.0004243338 6.073479e-05 4.858784e-06
5.506621e-05 8.421891e-05 7.450135e-05 8.097973e-07 3.401148e-05
7.936013e-05 0.0001182304 6.235439e-05 0.0004745412 3.320169e-05
8.988749e-05 4.372905e-05 4.291925e-05 2.91527e-05 5.74956e-05
2.510371e-05 0.0001538615 0.0001295676 0.0004729216 7.531114e-05
5.9925e-05 3.644088e-05 0.0001093226 0.0003546912 0.0001870632
2.83429e-05 1.052736e-05 2.99625e-05 4.615844e-05 1.214696e-05
6.073479e-05 3.968007e-05 0.0001052736 0.0001684378 3.887027e-05
0.000171677 4.291925e-05 8.74581e-05 0.0001149912 2.429392e-05
0.0004445787 7.693074e-05 0.000595201 2.753311e-05 0.0001927317
5.91152e-05 8.097973e-07 0.0001700574 8.988749e-05 0.0001141814
6.559358e-05 9.879526e-05 0.001082699 8.097973e-06 4.048986e-05
0.0001870632 9.798547e-05 8.74581e-05 0.0001789652 2.753311e-05
1.295676e-05 4.858784e-05 0.0002162159 7.288175e-06 7.369155e-05
8.664831e-05 0.0001263284 2.83429e-05 0.0001554811 1.376655e-05
4.777804e-05 1.619595e-05 0.0001012247 4.534865e-05 0.0005344662
2.672331e-05 0.0004510571 5.182702e-05 1.133716e-05 1.619595e-06
3.239189e-05 8.097973e-07 0.0002397 2.591351e-05 0.0001490027
0.0004891175 7.126216e-05 3.482128e-05 0.000287478 0.0001174206
9.312668e-05 3.320169e-05 0.0001627692 5.182702e-05 1.619595e-06
4.048986e-05 5.83054e-05 0.0004842588 3.482128e-05 3.644088e-05
1.619595e-05 0.0001425243 3.806047e-05 7.936013e-05 2.105473e-05
5.587601e-05 1.538615e-05 0.0001133716 2.348412e-05 4.048986e-05
2.186453e-05 6.478378e-06 1.781554e-05 6.559358e-05 0.0001684378
2.99625e-05 7.774054e-05 5.344662e-05 0.0001927317 3.07723e-05
2.753311e-05 0.0001004149 6.883277e-05 0.0001562909 5.74956e-05
3.320169e-05 0.0001214696 3.401148e-05 0.0001295676 3.401148e-05
0.0001457635 7.288175e-05 5.182702e-05 2.591351e-05 0.0001409047
3.158209e-05 4.048986e-06 0.0001214696 0.001490027 0.0001101324
7.936013e-05 2.267432e-05 7.531114e-05 1.619595e-05 7.855033e-05
0.0005846736 1.457635e-05 3.158209e-05 2.186453e-05 0.0002704723
4.048986e-05 3.239189e-05 5.182702e-05 3.158209e-05 6.235439e-05
6.154459e-05 0.0002542763 6.154459e-05 0.0001214696 9.069729e-05
6.802297e-05 6.154459e-05 3.887027e-05 4.858784e-06 6.802297e-05
0.0003749361 2.510371e-05 0.000363599 2.105473e-05 7.450135e-05
3.887027e-05 4.858784e-05 4.858784e-05 5.587601e-05 0.0002623743
4.939763e-05 7.126216e-05 0.0002291726 4.048986e-05 0.0001255186
4.858784e-05 0.000223504 5.83054e-05 4.291925e-05 3.07723e-05
6.721317e-05 0.0001360459 7.369155e-05 0.000339305 0.0001222794
7.207196e-05 1.619595e-05 0.0003870831 0.0005215094 0.0004453885
5.344662e-05 4.858784e-05 3.644088e-05 0.001204169 5.101723e-05
0.0001546713 8.421891e-05 0.0004324317 2.105473e-05 4.615844e-05
2.591351e-05 0.000235651 0.0003409246 3.482128e-05 2.591351e-05
5.668581e-05 7.369155e-05 0.0002097375 8.340912e-05 8.421891e-05
8.90777e-06 3.968007e-05 2.429392e-05 4.129966e-05 1.619595e-06
3.563108e-05 2.83429e-05 9.717567e-05 2.429392e-06 2.510371e-05
5.425642e-05 5.020743e-05 0.0005903422 4.939763e-05 0.0002818094
0.0001660084 0.0005028841 8.259932e-05 3.725067e-05 2.510371e-05
3.158209e-05 5.9925e-05 2.591351e-05 5.668581e-05 8.421891e-05
2.429392e-05 6.721317e-05 0.0001052736 2.429392e-05 6.964256e-05
2.591351e-05 1.943513e-05 6.640337e-05 2.429392e-05 3.320169e-05
4.777804e-05 3.239189e-05 4.777804e-05 2.672331e-05 5.668581e-06
2.510371e-05 4.453885e-05 0.0002226942 3.887027e-05 3.07723e-05
1.133716e-05 3.968007e-05 4.372905e-05 5.263682e-05 2.672331e-05
2.83429e-05 0.0001068932 1.619595e-06 2.267432e-05 2.99625e-05
3.482128e-05 0.0003822243 3.563108e-05 0.0003320169 3.644088e-05
1.376655e-05 5.101723e-05 9.069729e-05 3.239189e-06 2.348412e-05
9.798547e-05 0.0001595301 0.0001190402 4.615844e-05 7.531114e-05
2.267432e-05 0.0001490027 0.0002397 2.510371e-05 1.619595e-06
0.0006680827 8.016993e-05 0.000107703 0.0002283628 8.340912e-05
0.0001749162 4.534865e-05 8.74581e-05 4.210946e-05 6.559358e-05
0.0004065182 0.002004248 7.531114e-05 0.0002526567 3.644088e-05
8.097973e-07 2.99625e-05 0.0001660084 5.344662e-05 3.887027e-05
6.316419e-05 5.506621e-05 0.0001020345 5.83054e-05 2.672331e-05
8.988749e-05 4.939763e-05 9.231689e-05 6.640337e-05 3.320169e-05
1.619595e-06 4.048986e-06 9.312668e-05 4.048986e-05 8.74581e-05
6.721317e-05 7.288175e-05 3.806047e-05 0.0003579304 2.267432e-05
0.0001141814 6.802297e-05 3.320169e-05 2.672331e-05 3.07723e-05
1.619595e-06 0.0003644088 4.210946e-05 9.717567e-06 6.802297e-05
4.048986e-06 0.0001166108 4.048986e-05 4.048986e-05 3.07723e-05
0.0001020345 3.806047e-05 0.0001587203 0.001175826 6.802297e-05
2.024493e-05 5.020743e-05 0.000283429 5.425642e-05 3.239189e-05
0.0006502672 6.235439e-05 6.478378e-06 0.000175726 2.267432e-05
8.097973e-07 1.781554e-05 3.725067e-05 2.99625e-05 2.267432e-05
6.154459e-05 0.0002283628 0.0001627692 1.781554e-05 0.0005223192
0.0005174604 6.073479e-05 4.048986e-05 7.693074e-05 9.312668e-05
0.0001846338 0.0002154061 4.372905e-05 7.855033e-05 8.097973e-07
9.069729e-05 0.0002267432 5.263682e-05 5.425642e-05 4.615844e-05
7.450135e-05 1.457635e-05 0.000295576 5.9925e-05 1.295676e-05
2.429392e-06 8.421891e-05 3.239189e-05 2.024493e-05 0.0003279679
7.855033e-05 9.798547e-05 3.563108e-05 0.0003741263 3.320169e-05
2.267432e-05 0.0001052736 5.587601e-05 0.0001854436 0.0006316419
5.101723e-05 0.0001109422 4.048986e-05 0.0002332216 3.158209e-05
1.619595e-06 8.097973e-07 0.0001773456 5.668581e-05 2.105473e-05
1.538615e-05 8.097973e-05 4.858784e-06 3.320169e-05 4.210946e-05
0.0001271382 4.372905e-05 6.478378e-05 4.291925e-05 4.777804e-05
6.316419e-05 4.696824e-05 0.0001004149 3.887027e-05 8.178952e-05
6.559358e-05 3.320169e-05 8.583851e-05 2.186453e-05 5.74956e-05
5.83054e-05 2.348412e-05 4.210946e-05 7.531114e-05 4.534865e-05
7.531114e-05 4.696824e-05 0.0002210746 0.000351452 3.239189e-06
0.0005984402 9.393648e-05 1.781554e-05 3.239189e-05 2.267432e-05
5.101723e-05 6.235439e-05 3.644088e-05 4.453885e-05 5.74956e-05
3.968007e-05 4.777804e-05 0.00011985 4.615844e-05 0.0001052736
2.672331e-05 2.591351e-05 0.000243749 3.563108e-05 5.101723e-05
3.563108e-05 6.073479e-05 0.0001149912 0.0001303774 3.320169e-05
8.82679e-05 3.806047e-05 8.259932e-05 5.668581e-05 8.664831e-05
0.0001854436 2.83429e-05 0.0001328067 8.988749e-05 0.0003109621
7.288175e-05 8.097973e-05 4.534865e-05 4.777804e-05 2.024493e-05
2.267432e-05 3.725067e-05 3.725067e-05 5.91152e-05 6.478378e-06
8.097973e-07 4.534865e-05 0.0001028443 4.858784e-05 8.82679e-05
5.263682e-05 2.024493e-05 2.429392e-05 0.0001805848 2.429392e-05
8.097973e-07 6.154459e-05 0.0001149912 8.583851e-05 3.887027e-05
5.587601e-05 2.429392e-05 2.99625e-05 4.291925e-05 9.069729e-05
6.559358e-05 7.450135e-05 0.0001101324 8.340912e-05 6.316419e-05
7.126216e-05 2.83429e-05 8.74581e-05 5.263682e-05 0.001149912
9.717567e-06 4.534865e-05 4.777804e-05 5.83054e-05 3.563108e-05
5.668581e-05 6.397398e-05 1.862534e-05 7.126216e-05 6.397398e-05
3.563108e-05 5.425642e-05 0.0001684378 4.858784e-05 4.453885e-05
3.158209e-05 4.129966e-05 2.429392e-05 4.372905e-05 2.510371e-05
0.0001498125 0.0001004149 3.482128e-05 8.90777e-05 4.372905e-05
4.858784e-05 2.267432e-05 0.0001230892 2.83429e-05 0.0001660084
9.555608e-05 0.0001093226 0.000167628 8.178952e-05 0.0001546713
4.372905e-05 4.453885e-05 5.506621e-05 0.0002113571 0.000183824
5.74956e-05 3.401148e-05 0.0001789652 3.482128e-05 7.045236e-05
2.591351e-05 3.644088e-05 0.0004478179 2.753311e-05 5.506621e-05
4.777804e-05 3.239189e-06 7.612094e-05 6.478378e-05 0.000163579
4.210946e-05 0.000103654 6.154459e-05 0.0001028443 0.0003587402
9.069729e-05 5.668581e-05 3.968007e-05 0.0001004149 2.429392e-05
5.9925e-05 7.531114e-05 0.0001368557 0.0001668182 7.045236e-05
3.806047e-05 2.510371e-05 3.320169e-05 2.105473e-05 2.105473e-05
0.0001506223 3.968007e-05 3.401148e-05 3.07723e-05 2.105473e-05
0.000107703 0.0001336165 4.777804e-05 1.619595e-05 4.210946e-05
4.939763e-05 7.693074e-05 3.239189e-05 0.0002672331 3.320169e-05
5.020743e-05 4.210946e-05 1.619595e-06 9.717567e-06 0.0001384753
3.887027e-05 0.0007757858 3.07723e-05 7.288175e-05 5.182702e-05
0.0001352361 1.538615e-05 0.0001668182 0.0001603399 3.158209e-05
8.016993e-05 1.700574e-05 7.207196e-05 1.133716e-05 7.693074e-05
2.105473e-05 3.806047e-05 0.0003522618 4.129966e-05 3.401148e-05
0.0001441439 3.482128e-05 0.0001141814 0.0004291925 9.879526e-05
7.531114e-05 1.619595e-06 0.0001805848 4.696824e-05 4.939763e-05
4.534865e-05 2.672331e-05 0.0003352561 3.239189e-06 3.07723e-05
5.9925e-05 5.9925e-05 6.478378e-05 2.267432e-05 4.696824e-05
0.0001368557 0.0001862534 4.858784e-06 2.83429e-05 6.397398e-05
2.105473e-05 0.0002145963 0.0001862534 5.101723e-05 0.000115801
0.0001579105 2.510371e-05 8.664831e-05 2.83429e-05 5.74956e-05
3.887027e-05 3.320169e-05 2.429392e-05 0.0001060834 6.397398e-05
6.883277e-05 4.777804e-05 1.619595e-06 0.0002923368 8.259932e-05
2.83429e-05 2.267432e-05 3.482128e-05 7.288175e-06 6.640337e-05
0.0001190402 0.0001012247 8.016993e-05 0.000347403 5.74956e-05
2.591351e-05 6.235439e-05 2.267432e-05 1.619595e-06 1.052736e-05
3.563108e-05 8.097973e-05 3.07723e-05 5.020743e-05 5.9925e-05
5.344662e-05 5.506621e-05 3.887027e-05 0.0001449537 2.429392e-05
4.048986e-05 1.700574e-05 0.001308632 8.097973e-07 5.668581e-06
0.0003644088 2.672331e-05 1.619595e-06 8.340912e-05 9.231689e-05
9.393648e-05 8.90777e-05 3.158209e-05 6.073479e-05 8.74581e-05
2.429392e-05 2.672331e-05 4.048986e-05 0.0002461784 0.000167628
3.644088e-05 3.644088e-05 0.0003004348 2.429392e-05 2.83429e-05
3.158209e-05 7.774054e-05 4.372905e-05 5.182702e-05 3.239189e-05
6.235439e-05 3.320169e-05 3.725067e-05 2.753311e-05 2.429392e-06
7.450135e-05 3.887027e-05 1.619595e-06 2.672331e-05 2.591351e-05
0.000111752 1.619595e-06 1.619595e-05 0.0002688527 0.000291527
0.0001781554 3.239189e-05 2.348412e-05 5.182702e-05 0.0001400949
0.0003125817 0.00039923 5.83054e-05 0.0001862534 3.887027e-05
0.0001166108 2.429392e-06 0.0001870632 0.0001457635 0.0001854436
9.069729e-05 0.0006761807 2.83429e-05 6.397398e-05 0.0001328067
5.182702e-05 8.259932e-05 4.534865e-05 3.887027e-05 1.133716e-05
0.0006008696 5.425642e-05 6.559358e-05 4.777804e-05 0.00011985
1.619595e-06 2.99625e-05 5.668581e-05 5.668581e-05 4.048986e-05
0.0001295676 1.538615e-05 8.016993e-05 0.0007741662 6.964256e-05
2.186453e-05 1.943513e-05 0.0002672331 2.83429e-05 7.693074e-05
0.0002696625 2.99625e-05 2.672331e-05 3.968007e-05 1.619595e-06
2.753311e-05 4.858784e-06 8.90777e-05 4.615844e-05 6.316419e-05
5.9925e-05 0.0006729415 0.000103654 2.510371e-05 2.83429e-05
6.802297e-05 0.0001481929 0.0001109422 3.563108e-05 5.425642e-05
3.239189e-06 1.619595e-06 2.99625e-05 2.672331e-05 8.421891e-05
3.968007e-05 0.0001068932 2.510371e-05 2.105473e-05 4.129966e-05
5.506621e-05 0.0002129767 3.158209e-05 2.429392e-05 2.429392e-06
4.858784e-06 2.83429e-05 3.158209e-05 0.0001255186 3.968007e-05
6.478378e-06 5.263682e-05 0.0003830341 6.721317e-05 6.397398e-05
6.235439e-05 3.482128e-05 1.943513e-05 0.0001935415 8.259932e-05
2.267432e-05 0.0006113969 2.83429e-05 0.000111752 3.887027e-05
9.312668e-05 3.239189e-06 5.263682e-05 6.964256e-05 4.210946e-05
3.320169e-05 0.0001068932 0.0001109422 6.073479e-05 0.0001141814
3.563108e-05 4.939763e-05 3.482128e-05 6.073479e-05 4.372905e-05
5.83054e-05 2.99625e-05 6.073479e-05 0.0001222794 5.344662e-05
7.450135e-05 3.644088e-05 5.506621e-05 6.478378e-05 3.887027e-05
4.939763e-05 4.777804e-05 7.855033e-05 6.235439e-05 3.725067e-05
3.806047e-05 1.457635e-05 8.988749e-05 0.0002688527 0.0001975905
3.320169e-05 3.239189e-05 0.00011985 1.619595e-06 6.802297e-05
5.425642e-05 0.0001627692 5.83054e-05 5.668581e-05 7.693074e-05
6.235439e-05 3.320169e-05 2.429392e-05 1.457635e-05 7.936013e-05
0.0004559159 3.887027e-05 0.0001028443 1.862534e-05 4.696824e-05
7.288175e-06 8.097973e-07 3.239189e-05 9.960506e-05 3.563108e-05
2.99625e-05 6.883277e-05 3.401148e-05 3.563108e-05 5.263682e-05
2.429392e-05 3.07723e-05 2.429392e-05 2.83429e-05 6.721317e-05
1.376655e-05 0.000231602 4.291925e-05 0.0001384753 3.644088e-05
3.07723e-05 3.725067e-05 6.154459e-05 3.239189e-06 4.858784e-06
4.129966e-05 8.097973e-05 0.0005150311 3.725067e-05 0.0001125618
7.855033e-05 3.239189e-05 0.0003781753 2.591351e-05 3.644088e-05
2.83429e-05 7.045236e-05 4.939763e-05 2.429392e-05 0.0001490027
2.267432e-05 2.267432e-05 1.781554e-05 9.960506e-05 8.259932e-05
0.0001004149 3.725067e-05 9.231689e-05 8.988749e-05 0.0001214696
6.559358e-05 9.555608e-05 3.968007e-05 7.126216e-05 3.158209e-05
9.717567e-06 0.0007425841 1.943513e-05 5.668581e-05 9.474628e-05
0.0001149912 7.207196e-05 2.91527e-05 6.640337e-05 0.0002064983
4.939763e-05 0.0001603399 4.777804e-05 3.968007e-05 7.774054e-05
8.90777e-05 2.429392e-05 4.291925e-05 4.696824e-05 3.320169e-05
3.563108e-05 3.320169e-05 3.239189e-05 5.344662e-05 3.725067e-05
5.263682e-05 3.725067e-05 3.563108e-05 2.429392e-05 3.644088e-05
9.960506e-05 4.858784e-05 5.506621e-05 7.450135e-05 8.016993e-05
0.0001166108 4.777804e-05 0.0002413196 7.450135e-05 3.887027e-05
6.316419e-05 2.83429e-05 4.696824e-05 6.478378e-05 3.482128e-05
0.0002073081 4.453885e-05 5.425642e-05 4.939763e-05 5.020743e-05
4.048986e-05 0.0002923368 5.74956e-05 3.239189e-06 2.83429e-05
5.425642e-05 4.129966e-05 0.0001311872 4.696824e-05 6.478378e-05
0.0002486078 5.91152e-05 0.000115801 3.401148e-05 0.0001660084
3.563108e-05 0.0002567057 7.450135e-05 8.82679e-05 5.101723e-05
6.073479e-05 7.207196e-05 3.239189e-06 2.429392e-05 2.672331e-05
5.263682e-05 2.91527e-05 3.401148e-05 5.506621e-05 7.207196e-05
2.672331e-05 0.0001627692 3.482128e-05 1.133716e-05 4.291925e-05
2.83429e-05 1.619595e-06 4.696824e-05 2.672331e-05 5.344662e-05
1.214696e-05 2.429392e-06 2.024493e-05 7.936013e-05 6.478378e-05
3.158209e-05 4.291925e-05 3.158209e-05 7.855033e-05 9.555608e-05
7.207196e-05 4.453885e-05 3.320169e-05 5.91152e-05 8.74581e-05
3.239189e-05 3.563108e-05 2.186453e-05 0.0001903024 8.178952e-05
2.672331e-05 0.0001425243 0.0001441439 5.020743e-05 0.000131997
2.83429e-05 1.700574e-05 3.887027e-05 5.668581e-05 9.150709e-05
0.000115801 3.07723e-05 0.0002340314 0.0002064983 7.693074e-05
0.002631031 3.644088e-05 7.774054e-05 0.0002105473 0.0003101523
5.263682e-05 6.235439e-05 2.105473e-05 0.0001311872 0.0001433341
4.939763e-05 4.372905e-05 0.000111752 0.0001668182 8.502871e-05
0.0001101324 2.429392e-05 2.672331e-05 2.510371e-05 4.939763e-05
0.0001498125 7.288175e-05 2.186453e-05 0.0001506223 2.591351e-05
0.0001935415 0.0001595301 4.048986e-05 5.263682e-05 4.858784e-05
5.425642e-05 6.883277e-05 3.239189e-06 5.668581e-05 6.883277e-05
7.045236e-05 4.210946e-05 0.0001473831 3.482128e-05 2.99625e-05
0.0001206598 4.453885e-05 4.534865e-05 0.0001190402 3.158209e-05
4.372905e-05 2.510371e-05 4.939763e-05 3.239189e-05 1.538615e-05
5.74956e-05 2.591351e-05 0.0002801898 2.105473e-05 3.401148e-05
1.133716e-05 0.000247798 5.74956e-05 8.097973e-07 8.097973e-05
4.453885e-05 8.74581e-05 2.105473e-05 4.858784e-05 4.777804e-05
8.097973e-06 5.587601e-05 1.700574e-05 2.105473e-05 4.858784e-06
4.453885e-05 4.858784e-05 3.239189e-06 6.397398e-05 4.696824e-05
0.0001554811 0.0001984003 1.052736e-05 0.0007433939 2.753311e-05
2.672331e-05 7.531114e-05 1.619595e-05 2.105473e-05 2.591351e-05
3.158209e-05 4.210946e-05 6.397398e-05 3.968007e-05 3.482128e-05
3.401148e-05 3.239189e-05 9.879526e-05 4.777804e-05 2.99625e-05
3.239189e-05 2.429392e-05 0.0001433341 1.781554e-05 1.781554e-05
0.0001085128 5.91152e-05 0.0001943513 5.9925e-05 4.858784e-05
9.069729e-05 4.048986e-05 8.74581e-05 5.020743e-05 1.457635e-05
8.097973e-07 2.510371e-05 4.372905e-05 2.672331e-05 7.531114e-05
6.802297e-05 1.619595e-06 4.129966e-05 3.482128e-05 6.640337e-05
0.0001230892 0.0001271382 8.90777e-06 5.91152e-05 8.097973e-05
7.774054e-05 9.798547e-05 2.672331e-05 0.0004575354 5.101723e-05
0.0001295676 5.506621e-05 4.777804e-05 6.235439e-05 8.097973e-07
5.74956e-05 0.0001846338 4.048986e-05 8.340912e-05 0.0003644088
4.048986e-05 3.320169e-05 2.105473e-05 3.320169e-05 0.0001498125
0.0001368557 4.372905e-05 4.939763e-05 5.020743e-05 4.372905e-05
7.936013e-05 4.858784e-05 2.83429e-05 3.644088e-05 3.644088e-05
2.91527e-05 7.531114e-05 2.186453e-05 5.74956e-05 9.069729e-05
6.721317e-05 5.83054e-05 9.555608e-05 0.0003725067 9.393648e-05
0.00011985 2.105473e-05 2.672331e-05 0.0002105473 0.000103654
3.07723e-05 0.0002267432 0.0001352361 5.101723e-05 5.182702e-05
2.83429e-05 6.721317e-05 4.048986e-05 6.964256e-05 0.0001052736
7.774054e-05 2.024493e-05 4.858784e-05 2.429392e-05 5.020743e-05
3.482128e-05 1.619595e-06 4.372905e-05 0.0009029239 5.101723e-05
2.591351e-05 4.858784e-05 8.82679e-05 2.186453e-05 2.83429e-05
7.936013e-05 6.802297e-05 3.563108e-05 5.9925e-05 2.429392e-05
0.0001732966 8.82679e-05 5.9925e-05 7.693074e-05 8.097973e-07
3.158209e-05 3.806047e-05 0.0001392851 5.182702e-05 2.91527e-05
1.457635e-05 2.267432e-05 1.619595e-06 3.644088e-05 4.210946e-05
1.619595e-06 3.968007e-05 3.482128e-05 7.288175e-05 2.267432e-05
2.510371e-05 0.0002121669 0.0002534665 3.887027e-05 0.0002882878
3.482128e-05 6.640337e-05 0.0005028841 5.91152e-05 4.291925e-05
0.0001141814 4.048986e-05 2.672331e-05 2.429392e-05 7.126216e-05
2.510371e-05 3.563108e-05 2.753311e-05 0.000235651 2.267432e-05
2.753311e-05 7.612094e-05 6.073479e-05 3.806047e-05 0.0001627692
7.612094e-05 5.182702e-05 3.968007e-05 5.506621e-05 2.024493e-05
0.0001060834 5.263682e-05 0.0001433341 0.0002988152 3.725067e-05
1.862534e-05 3.563108e-05 7.450135e-05 3.563108e-05 3.482128e-05
3.887027e-05 4.858784e-05 2.348412e-05 4.534865e-05 4.291925e-05
6.073479e-05 5.101723e-05 4.291925e-05 8.988749e-05 0.0004648236
0.0001514321 3.968007e-05 0.0001360459 0.0004162358 5.344662e-05
4.291925e-05 6.964256e-05 3.07723e-05 4.858784e-06 5.020743e-05
7.450135e-05 7.126216e-05 6.802297e-05 2.429392e-05 4.453885e-05
0.0001166108 2.591351e-05 4.048986e-05 3.158209e-05 4.858784e-05
5.182702e-05 5.668581e-05 4.048986e-05 3.644088e-05 2.91527e-05
3.482128e-05 4.615844e-05 3.158209e-05 2.267432e-05 3.563108e-05
0.0003797949 4.777804e-05 3.563108e-05 3.239189e-06 7.207196e-05
0.0001182304 4.291925e-05 0.0002364608 5.9925e-05 3.320169e-05
6.559358e-05 1.133716e-05 6.478378e-05 2.348412e-05 3.887027e-05
6.478378e-05 3.239189e-05 3.968007e-05 2.186453e-05 8.097973e-05
0.0001020345 3.887027e-05 0.000111752 0.0001263284 3.968007e-05
1.619595e-05 0.0001044638 2.83429e-05 2.105473e-05 6.073479e-05
4.048986e-05 3.401148e-05 2.429392e-05 5.587601e-05 0.0002178355
5.506621e-05 2.99625e-05 0.0004178554 3.158209e-05 0.0001247088
4.129966e-05 6.478378e-05 3.482128e-05 1.457635e-05 2.753311e-05
4.453885e-05 3.644088e-05 2.83429e-05 4.372905e-05 1.781554e-05
1.052736e-05 6.883277e-05 9.717567e-06 0.0001028443 4.048986e-06
4.372905e-05 5.101723e-05 7.774054e-05 0.0001028443 9.312668e-05
4.048986e-05 8.583851e-05 0.0001813946 0.0001700574 0.0001247088
2.91527e-05 2.348412e-05 0.0001052736 3.968007e-05 5.587601e-05
5.74956e-05 6.802297e-05 7.855033e-05 2.91527e-05 3.482128e-05
3.563108e-05 1.538615e-05 8.583851e-05 5.83054e-05 2.99625e-05
1.619595e-06 1.619595e-06 6.073479e-05 2.348412e-05 3.644088e-05
9.069729e-05 7.450135e-05 3.968007e-05 3.806047e-05 3.563108e-05
5.263682e-05 1.943513e-05 8.097973e-05 0.0001781554 8.90777e-05
2.429392e-05 2.91527e-05 4.129966e-05 2.105473e-05 0.0003061034
6.073479e-05 5.182702e-05 4.372905e-05 1.052736e-05 1.700574e-05
0.0001141814 3.725067e-05 7.207196e-05 3.644088e-05 6.478378e-06
9.393648e-05 7.936013e-05 8.097973e-07 4.696824e-05 0.0001328067
6.397398e-05 7.774054e-05 2.83429e-05 4.291925e-05 8.016993e-05
4.534865e-05 8.097973e-06 9.555608e-05 6.721317e-05 4.777804e-05
4.858784e-05 8.097973e-05 8.74581e-05 2.267432e-05 4.696824e-05
6.235439e-05 5.263682e-05 8.097973e-07 3.320169e-05 2.024493e-05
5.587601e-05 4.210946e-05 2.753311e-05 0.0002818094 4.129966e-05
3.482128e-05 5.587601e-05 4.858784e-05 0.0002267432 2.99625e-05
5.101723e-05 1.862534e-05 4.615844e-05 3.239189e-06 2.429392e-06
0.0001400949 4.534865e-05 3.806047e-05 5.182702e-05 2.429392e-05
2.105473e-05 5.91152e-05 8.097973e-07 2.91527e-05 4.777804e-05
2.591351e-05 4.291925e-05 3.482128e-05 2.429392e-05 3.482128e-05
0.0008883476 6.964256e-05 2.267432e-05 4.777804e-05 2.429392e-05
0.0001660084 4.129966e-05 2.429392e-05 2.83429e-05 2.83429e-05
0.0003142013 4.696824e-05 1.862534e-05 3.07723e-05 1.457635e-05
4.372905e-05 0.0004486277 0.0001101324 3.07723e-05 4.453885e-05
0.0001271382 0.000171677 5.9925e-05 8.82679e-05 0.0001214696
0.0001247088 4.048986e-05 1.619595e-06 0.0001052736 4.858784e-06
6.397398e-05 2.348412e-05 6.802297e-05 6.397398e-05 3.482128e-05
3.563108e-05 5.587601e-05 0.0001068932 6.883277e-05 8.097973e-05
2.672331e-05 3.239189e-05 4.048986e-05 5.263682e-05 3.563108e-05
0.0001457635 0.0001182304 5.668581e-05 2.429392e-06 0.0001967807
8.097973e-07 2.83429e-05 9.474628e-05 3.644088e-05 1.619595e-06
2.429392e-06 0.0001085128 2.429392e-06 3.239189e-05 3.07723e-05
7.369155e-05 8.178952e-05 7.207196e-05 0.0001214696 4.696824e-05
4.939763e-05 4.696824e-05 7.693074e-05 0.000103654 0.000107703
3.401148e-05 9.474628e-05 6.883277e-05 7.288175e-06 4.858784e-05
3.968007e-05 5.020743e-05 3.563108e-05 3.563108e-05 0.0001052736
6.073479e-05 0.000103654 8.178952e-05 5.263682e-05 5.587601e-05
3.239189e-06 2.267432e-05 0.0001141814 3.239189e-06 2.348412e-05
2.510371e-05 0.0001336165 9.231689e-05 5.506621e-05 1.619595e-05
7.288175e-05 2.672331e-05 2.83429e-05 3.401148e-05 2.186453e-05
3.239189e-06 3.158209e-05 4.696824e-05 4.291925e-05 5.425642e-05
4.453885e-05 4.129966e-05 4.291925e-05 0.0001668182 5.668581e-06
1.619595e-06 5.83054e-05 2.510371e-05 4.372905e-05 8.421891e-05
6.073479e-05 4.615844e-05 8.74581e-05 2.753311e-05 3.563108e-05
4.048986e-05 2.186453e-05 2.267432e-05 4.372905e-05 0.000123899
0.0001514321 7.450135e-05 0.0001303774 5.9925e-05 6.883277e-05
5.668581e-05 0.0001174206 2.429392e-05 3.239189e-05 4.048986e-05
3.644088e-05 5.9925e-05 2.024493e-05 7.126216e-05 2.83429e-05
2.83429e-05 0.0001182304 1.619595e-06 3.482128e-05 1.133716e-05
3.239189e-06 5.263682e-05 6.154459e-05 3.401148e-05 9.393648e-05
4.129966e-05 2.429392e-05 3.644088e-05 9.879526e-05 0.0001579105
2.267432e-05 5.101723e-05 7.531114e-05 0.0003133915 7.531114e-05
5.101723e-05 2.105473e-05 2.91527e-05 5.020743e-05 2.510371e-05
8.097973e-07 0.0001263284 2.429392e-05 6.964256e-05 2.429392e-05
8.097973e-07 5.263682e-05 4.372905e-05 3.968007e-05 8.90777e-05
0.0002793801 6.721317e-05 3.806047e-05 0.0001741064 8.097973e-07
6.235439e-05 5.263682e-05 3.158209e-05 8.097973e-07 1.619595e-06
0.0001255186 5.83054e-05 4.291925e-05 2.348412e-05 3.887027e-05
3.07723e-05 2.83429e-05 4.453885e-05 3.968007e-05 7.369155e-05
6.235439e-05 3.158209e-05 0.0001085128 2.83429e-05 0.0002826192
4.210946e-05 0.0001190402 1.943513e-05 3.644088e-05 4.372905e-05
4.453885e-05 4.048986e-05 1.619595e-06 2.186453e-05 2.105473e-05
2.267432e-05 8.016993e-05 1.619595e-06 3.644088e-05 0.0001109422
0.0001012247 0.0002267432 1.619595e-05 0.0001247088 8.90777e-05
1.619595e-06 9.150709e-05 9.717567e-06 8.664831e-05 0.0001109422
2.186453e-05 2.267432e-05 4.453885e-05 3.158209e-05 2.83429e-05
0.0001109422 7.531114e-05 0.0001271382 9.069729e-05 3.239189e-06
2.429392e-05 2.753311e-05 6.397398e-05 5.587601e-05 2.429392e-06
5.9925e-05 3.401148e-05 1.295676e-05 3.563108e-05 5.9925e-05
2.672331e-05 6.397398e-05 1.862534e-05 8.82679e-05 8.259932e-05
0.0004818294 0.0001376655 0.0001174206 4.858784e-05 6.397398e-05
2.429392e-05 4.291925e-05 0.0001506223 2.348412e-05 1.457635e-05
6.397398e-05 3.320169e-05 0.000187873 0.0002056885 3.158209e-05
2.429392e-05 3.482128e-05 4.696824e-05 2.105473e-05 0.0003222993
5.506621e-05 1.619595e-06 2.267432e-05 4.939763e-05 2.83429e-05
0.000115801 4.939763e-05 4.696824e-05 2.91527e-05 4.858784e-06
8.421891e-05 0.0001101324 4.048986e-06 2.348412e-05 4.048986e-05
7.288175e-06 8.502871e-05 6.883277e-05 8.259932e-05 8.097973e-06
4.696824e-05 2.429392e-06 8.502871e-05 1.619595e-05 7.045236e-05
5.506621e-05 4.048986e-05 9.717567e-06 4.453885e-05 6.478378e-05
5.74956e-05 3.158209e-05 7.612094e-05 5.506621e-05 8.259932e-05
6.640337e-05 8.097973e-07 5.101723e-05 0.0001247088 2.99625e-05
0.0001295676 4.534865e-05 1.619595e-06 5.83054e-05 3.239189e-06
2.591351e-05 0.0001400949 2.429392e-06 2.429392e-05 1.133716e-05
5.668581e-05 5.506621e-05 8.90777e-05 5.425642e-05 2.672331e-05
3.968007e-05 0.0001611497 0.0001044638 6.559358e-05 0.0008697222
0.0001352361 5.263682e-05 9.717567e-06 0.0001060834 3.07723e-05
3.239189e-05 2.186453e-05 3.158209e-05 4.048986e-05 7.774054e-05
4.858784e-05 6.721317e-05 4.777804e-05 6.802297e-05 4.372905e-05
4.372905e-05 0.0001490027 2.753311e-05 9.636587e-05 2.672331e-05
0.0001959709 2.267432e-05 6.883277e-05 3.07723e-05 3.07723e-05
7.126216e-05 8.90777e-05 6.478378e-05 2.672331e-05 3.887027e-05
0.0001012247 4.858784e-05 3.482128e-05 0.0001141814 0.0001060834
3.482128e-05 4.858784e-05 3.239189e-05 5.587601e-05 4.210946e-05
2.83429e-05 4.777804e-05 8.340912e-05 1.619595e-06 7.531114e-05
1.619595e-06 7.288175e-06 6.316419e-05 7.774054e-05 2.510371e-05
2.429392e-05 4.858784e-05 5.668581e-05 2.672331e-05 7.369155e-05
0.0001376655 2.753311e-05 0.000303674 0.0001263284 7.450135e-05
7.126216e-05 9.636587e-05 1.295676e-05 2.91527e-05 4.534865e-05
0.0001085128 5.91152e-05 0.0001522419 3.239189e-06 3.239189e-05
2.429392e-05 3.725067e-05 4.453885e-05 0.0001052736 3.806047e-05
0.0001174206 2.429392e-05 1.619595e-06 3.482128e-05 4.615844e-05
2.429392e-05 3.887027e-05 3.644088e-05 0.0002048787 0.0002364608
6.073479e-05 0.0001206598 3.158209e-05 0.0001141814 8.016993e-05
5.344662e-05 8.097973e-07 9.717567e-06 6.316419e-05 2.267432e-05
8.664831e-05 0.0003117719 0.0001554811 8.097973e-07 3.887027e-05
4.372905e-05 3.320169e-05 2.83429e-05 8.502871e-05 9.636587e-05
0.0003546912 8.016993e-05 3.887027e-05 0.0002413196 4.858784e-05
2.024493e-05 8.340912e-05 2.024493e-05 4.048986e-05 3.239189e-05
3.239189e-05 4.210946e-05 6.721317e-05 8.82679e-05 2.348412e-05
3.320169e-05 2.83429e-05 0.0001060834 3.806047e-05 0.0001247088
4.777804e-05 2.105473e-05 3.239189e-06 3.563108e-05 2.429392e-05
6.964256e-05 2.348412e-05 3.320169e-05 5.263682e-05 2.429392e-05
4.048986e-05 7.774054e-05 4.372905e-05 0.0001992101 5.668581e-05
9.069729e-05 7.693074e-05 5.182702e-05 5.344662e-05 4.291925e-05
1.214696e-05 3.158209e-05 2.91527e-05 9.312668e-05 2.105473e-05
7.855033e-05 5.668581e-05 2.105473e-05 9.717567e-06 2.105473e-05
2.753311e-05 2.105473e-05 7.936013e-05 8.097973e-07 4.453885e-05
0.0001247088 0.0001044638 3.158209e-05 3.644088e-05 8.097973e-07
4.048986e-05 2.186453e-05 0.0001020345 2.753311e-05 2.429392e-06
6.721317e-05 4.696824e-05 5.263682e-05 1.619595e-06 1.619595e-06
5.83054e-05 3.239189e-05 2.348412e-05 0.0001903024 0.0001692476
2.267432e-05 2.83429e-05 0.0002064983 1.619595e-06 3.401148e-05
3.158209e-05 2.429392e-06 0.0004105672 7.207196e-05 0.0001125618
4.858784e-06 2.591351e-05 3.239189e-05 2.267432e-05 8.097973e-06
1.700574e-05 2.83429e-05 8.664831e-05 2.753311e-05 5.83054e-05
3.482128e-05 6.397398e-05 2.429392e-05 2.510371e-05 0.000167628
4.858784e-05 6.478378e-05 0.0002251236 2.99625e-05 3.07723e-05
5.020743e-05 2.267432e-05 9.069729e-05 3.806047e-05 1.943513e-05
3.07723e-05 2.024493e-05 3.644088e-05 3.482128e-05 8.988749e-05
0.0001490027 7.612094e-05 4.858784e-05 5.263682e-05 6.397398e-05
8.097973e-07 2.672331e-05 6.640337e-05 6.397398e-05 2.267432e-05
5.020743e-05 3.482128e-05 4.615844e-05 3.968007e-05 3.644088e-05
0.000103654 2.672331e-05 9.474628e-05 9.879526e-05 5.587601e-05
6.154459e-05 4.939763e-05 2.186453e-05 3.644088e-05 1.214696e-05
4.048986e-06 4.534865e-05 3.563108e-05 1.619595e-06 4.129966e-05
3.158209e-05 2.591351e-05 2.267432e-05 2.348412e-05 3.887027e-05
1.619595e-06 0.0001400949 0.0001344263 2.186453e-05 4.372905e-05
4.858784e-05 7.693074e-05 4.858784e-05 0.0003765557 2.591351e-05
0.0002162159 0.000123899 3.07723e-05 5.101723e-05 9.393648e-05
2.99625e-05 4.453885e-05 4.939763e-05 6.397398e-05 2.753311e-05
8.259932e-05 4.210946e-05 3.239189e-05 0.0001303774 1.619595e-06
4.858784e-06 1.052736e-05 3.887027e-05 2.267432e-05 8.016993e-05
6.721317e-05 3.07723e-05 3.320169e-05 0.0001101324 0.0001004149
3.482128e-05 1.214696e-05 3.239189e-05 3.968007e-05 5.263682e-05
1.214696e-05 6.559358e-05 4.858784e-05 3.725067e-05 1.133716e-05
4.534865e-05 8.097973e-06 1.376655e-05 4.534865e-05 4.858784e-05
4.534865e-05 5.83054e-05 3.887027e-05 2.348412e-05 4.858784e-06
3.158209e-05 3.644088e-05 2.672331e-05 2.429392e-05 2.267432e-05
2.672331e-05 2.91527e-05 8.90777e-06 8.90777e-06 3.887027e-05
2.672331e-05 4.534865e-05 5.263682e-05 4.858784e-05 3.482128e-05
3.320169e-05 3.320169e-05 0.0003822243 7.288175e-05 4.858784e-05
2.591351e-05 4.291925e-05 4.048986e-05 1.619595e-06 6.883277e-05
8.097973e-07 3.887027e-05 0.0001684378 4.048986e-05 3.158209e-05
2.105473e-05 4.939763e-05 2.429392e-05 7.774054e-05 2.753311e-05
2.753311e-05 4.858784e-05 4.858784e-05 2.91527e-05 3.158209e-05
5.9925e-05 2.348412e-05 4.696824e-05 4.777804e-05 0.0001255186
2.672331e-05 4.048986e-05 3.887027e-05 8.664831e-05 2.267432e-05
0.0001230892 6.478378e-06 2.83429e-05 0.0001109422 4.210946e-05
5.182702e-05 3.806047e-05 4.939763e-05 5.506621e-05 4.534865e-05
1.619595e-05 8.583851e-05 4.534865e-05 3.644088e-05 3.239189e-06
8.097973e-05 4.939763e-05 4.777804e-05 2.348412e-05 5.587601e-05
3.239189e-06 3.725067e-05 4.534865e-05 6.235439e-05 0.0001004149
6.802297e-05 0.0001093226 2.753311e-05 4.129966e-05 3.563108e-05
0.0002397 4.696824e-05 3.563108e-05 8.097973e-07 4.048986e-06
2.753311e-05 4.129966e-05 0.0001020345 7.612094e-05 0.0001044638
2.83429e-05 9.636587e-05 2.186453e-05 5.425642e-05 5.182702e-05
0.0001562909 3.968007e-05 5.668581e-05 3.158209e-05 2.429392e-06
1.133716e-05 3.239189e-05 2.348412e-05 5.101723e-05 4.534865e-05
4.129966e-05 3.158209e-05 2.91527e-05 4.696824e-05 5.83054e-05
3.725067e-05 6.073479e-05 6.154459e-05 4.777804e-05 8.82679e-05
3.239189e-05 9.312668e-05 0.000127948 2.429392e-06 0.0001052736
5.91152e-05 5.263682e-05 2.267432e-05 2.024493e-05 0.0002826192
1.943513e-05 5.506621e-05 1.619595e-06 2.99625e-05 2.591351e-05
5.9925e-05 1.538615e-05 3.725067e-05 2.83429e-05 0.000527178
2.591351e-05 2.99625e-05 2.105473e-05 5.263682e-05 2.429392e-05
5.425642e-05 2.267432e-05 4.534865e-05 3.239189e-06 6.640337e-05
3.401148e-05 3.806047e-05 3.887027e-05 4.291925e-05 6.478378e-05
5.9925e-05 1.295676e-05 2.024493e-05 6.883277e-05 2.186453e-05
2.753311e-05 5.506621e-05 5.74956e-05 2.267432e-05 5.83054e-05
7.693074e-05 8.097973e-07 2.99625e-05 3.644088e-05 2.348412e-05
2.267432e-05 0.0004202848 5.101723e-05 2.105473e-05 2.99625e-05
6.073479e-05 0.0001506223 6.154459e-05 8.097973e-07 0.0001206598
4.939763e-05 1.781554e-05 2.83429e-05 5.506621e-05 3.806047e-05
3.320169e-05 0.0002145963 4.372905e-05 0.0003101523 2.429392e-05
2.348412e-05 2.83429e-05 6.073479e-05 4.048986e-05 9.393648e-05
4.858784e-06 3.482128e-05 3.968007e-05 4.858784e-05 5.74956e-05
0.0002162159 9.798547e-05 0.0001101324 4.858784e-06 3.563108e-05
3.482128e-05 3.158209e-05 6.478378e-05 5.91152e-05 6.073479e-05
3.644088e-05 2.91527e-05 4.048986e-05 3.725067e-05 2.591351e-05
2.753311e-05 7.693074e-05 2.186453e-05 4.048986e-05 1.619595e-05
1.538615e-05 3.401148e-05 2.672331e-05 2.429392e-05 8.016993e-05
5.263682e-05 7.207196e-05 4.939763e-05 6.883277e-05 2.83429e-05
2.429392e-06 2.186453e-05 5.668581e-05 3.482128e-05 4.858784e-05
4.048986e-05 5.182702e-05 0.0001627692 8.340912e-05 3.725067e-05
4.939763e-05 4.048986e-05 2.83429e-05 5.668581e-05 6.478378e-05
1.619595e-06 1.214696e-05 2.753311e-05 4.858784e-05 7.531114e-05
8.178952e-05 3.644088e-05 8.421891e-05 4.129966e-05 2.83429e-05
4.048986e-06 4.048986e-05 7.369155e-05 1.619595e-05 5.506621e-05
2.510371e-05 6.073479e-05 2.105473e-05 2.753311e-05 6.640337e-05
5.587601e-05 3.07723e-05 5.587601e-05 6.154459e-05 3.563108e-05
1.214696e-05 5.506621e-05 1.619595e-06 8.421891e-05 8.097973e-05
1.619595e-06 2.672331e-05 2.429392e-05 5.9925e-05 2.267432e-05
7.612094e-05 2.429392e-06 4.048986e-05 2.429392e-05 2.429392e-05
5.344662e-05 3.158209e-05 3.644088e-05 3.239189e-05 2.83429e-05
5.91152e-05 4.858784e-05 7.207196e-05 5.101723e-05 5.263682e-05
0.0001149912 5.91152e-05 4.696824e-05 8.90777e-06 3.239189e-06
3.563108e-05 5.344662e-05 3.158209e-05 7.369155e-05 2.99625e-05
6.964256e-05 3.482128e-05 8.097973e-07 4.939763e-05 4.777804e-05
5.182702e-05 6.478378e-05 2.672331e-05 6.316419e-05 2.267432e-05
2.83429e-05 8.664831e-05 3.239189e-05 3.968007e-05 2.753311e-05
1.781554e-05 4.291925e-05 4.048986e-05 4.453885e-05 1.457635e-05
3.644088e-05 4.372905e-05 5.587601e-05 4.858784e-06 8.340912e-05
3.563108e-05 1.538615e-05 5.263682e-05 5.506621e-05 3.644088e-05
4.858784e-05 6.802297e-05 2.83429e-05 5.101723e-05 7.126216e-05
1.376655e-05 9.069729e-05 4.453885e-05 4.858784e-05 3.158209e-05
9.231689e-05 2.348412e-05 0.0001368557 2.91527e-05 6.802297e-05
0.0003716969 9.474628e-05 2.753311e-05 1.376655e-05 0.0001206598
0.0001611497 4.372905e-05 2.429392e-06 6.478378e-06 8.097973e-07
6.964256e-05 3.806047e-05 4.939763e-05 5.263682e-05 2.267432e-05
2.91527e-05 4.210946e-05 3.401148e-05 1.943513e-05 3.644088e-05
8.097973e-07 2.429392e-05 6.478378e-06 2.91527e-05 2.672331e-05
3.320169e-05 8.90777e-06 5.83054e-05 2.024493e-05 4.534865e-05
0.0001903024 3.239189e-06 0.0001554811 2.429392e-05 2.267432e-05
2.024493e-05 6.397398e-05 2.91527e-05 2.591351e-05 2.267432e-05
4.939763e-05 5.83054e-05 4.453885e-05 3.320169e-05 2.510371e-05
7.612094e-05 5.9925e-05 0.000123899 8.097973e-07 2.348412e-05
2.348412e-05 2.348412e-05 2.186453e-05 0.0003142013 2.753311e-05
3.968007e-05 2.348412e-05 2.024493e-05 5.83054e-05 2.672331e-05
2.429392e-05 2.267432e-05 4.048986e-05 1.619595e-06 7.288175e-06
8.097973e-07 5.506621e-05 1.619595e-06 2.83429e-05 4.777804e-05
4.048986e-05 8.259932e-05 5.425642e-05 3.158209e-05 9.717567e-05
4.453885e-05 0.0001352361 1.133716e-05 0.0001425243 4.129966e-05
2.83429e-05 5.263682e-05 5.020743e-05 8.097973e-06 0.0001149912
9.555608e-05 2.348412e-05 6.478378e-06 7.045236e-05 3.158209e-05
1.619595e-06 3.239189e-06 3.401148e-05 4.048986e-05 2.105473e-05
6.316419e-05 2.591351e-05 3.158209e-05 1.538615e-05 2.510371e-05
3.07723e-05 4.453885e-05 4.858784e-05 2.753311e-05 2.510371e-05
8.097973e-06 2.429392e-05 8.988749e-05 1.619595e-06 2.267432e-05
2.429392e-05 4.696824e-05 2.672331e-05 0.0001149912 9.231689e-05
1.619595e-06 4.291925e-05 2.105473e-05 2.429392e-06 2.510371e-05
4.615844e-05 8.097973e-06 3.401148e-05 7.936013e-05 7.693074e-05
2.753311e-05 8.097973e-07 0.0001214696 3.158209e-05 2.91527e-05
0.0001886828 3.401148e-05 2.753311e-05 4.048986e-05 8.097973e-07
2.429392e-06 3.482128e-05 5.020743e-05 4.858784e-06 3.158209e-05
5.587601e-05 2.753311e-05 8.421891e-05 5.74956e-05 0.000115801
2.429392e-05 2.99625e-05 4.858784e-06 2.510371e-05 0.0002364608
6.478378e-05 5.344662e-05 5.587601e-05 3.563108e-05 3.644088e-05
3.07723e-05 5.344662e-05 0.0001384753 3.644088e-05 1.052736e-05
5.9925e-05 2.91527e-05 4.129966e-05 0.0001392851 4.858784e-06
4.453885e-05 9.474628e-05 6.559358e-05 4.696824e-05 3.239189e-06
2.91527e-05 4.534865e-05 1.538615e-05 0.000227553 0.0001004149
9.555608e-05 2.429392e-06 6.316419e-05 1.619595e-06 3.887027e-05
1.376655e-05 5.425642e-05 2.753311e-05 1.943513e-05 5.587601e-05
2.267432e-05 0.0002826192 1.619595e-06 8.097973e-05 1.619595e-06
3.725067e-05 8.421891e-05 3.239189e-05 8.421891e-05 2.105473e-05
4.777804e-05 2.753311e-05 2.429392e-06 2.83429e-05 4.858784e-05
2.429392e-05 6.478378e-06 9.231689e-05 2.105473e-05 7.288175e-05
2.429392e-06 9.717567e-06 2.348412e-05 3.158209e-05 3.968007e-05
7.531114e-05 3.725067e-05 4.291925e-05 2.83429e-05 2.753311e-05
0.0001222794 6.478378e-05 1.943513e-05 2.753311e-05 4.048986e-06
0.0001149912 3.239189e-06 1.619595e-06 3.158209e-05 2.429392e-05
2.348412e-05 7.450135e-05 2.186453e-05 5.101723e-05 1.619595e-06
5.91152e-05 3.320169e-05 2.672331e-05 5.668581e-06 2.99625e-05
3.644088e-05 8.664831e-05 8.82679e-05 8.178952e-05 4.372905e-05
1.619595e-06 3.239189e-05 9.636587e-05 5.83054e-05 2.83429e-05
7.612094e-05 2.429392e-05 8.097973e-07 2.591351e-05 2.429392e-06
2.429392e-05 4.534865e-05 1.214696e-05 4.372905e-05 1.619595e-06
4.858784e-06 1.295676e-05 2.267432e-05 2.672331e-05 2.591351e-05
2.429392e-06 5.020743e-05 6.073479e-05 2.267432e-05 2.753311e-05
2.91527e-05 3.482128e-05 5.101723e-05 0.000111752 8.502871e-05
1.862534e-05 0.0001101324 5.91152e-05 4.453885e-05 1.619595e-06
0.0001093226 9.312668e-05 7.693074e-05 3.644088e-05 3.158209e-05
8.90777e-06 4.858784e-06 3.644088e-05 3.482128e-05 3.887027e-05
0.0001295676 2.105473e-05 7.693074e-05 3.158209e-05 5.9925e-05
9.879526e-05 8.097973e-07 3.158209e-05 0.0001052736 0.0001085128
2.99625e-05 3.401148e-05 5.182702e-05 3.644088e-05 5.506621e-05
3.239189e-06 3.806047e-05 3.239189e-06 2.105473e-05 3.158209e-05
2.348412e-05 4.453885e-05 2.510371e-05 4.048986e-05 5.182702e-05
5.74956e-05 8.178952e-05 7.288175e-05 3.158209e-05 4.291925e-05
2.429392e-05 5.263682e-05 7.126216e-05 5.74956e-05 2.348412e-05
1.619595e-06 1.619595e-06 2.105473e-05 0.0004121868 4.534865e-05
4.048986e-06 0.0001611497 6.316419e-05 3.968007e-05 4.372905e-05
6.559358e-05 5.020743e-05 5.344662e-05 2.83429e-05 6.883277e-05
2.105473e-05 9.069729e-05 2.105473e-05 8.664831e-05 4.048986e-06
8.259932e-05 1.295676e-05 4.858784e-05 3.158209e-05 8.016993e-05
3.968007e-05 0.0002283628 2.753311e-05 6.235439e-05 3.806047e-05
1.619595e-05 2.348412e-05 5.74956e-05 0.000299625 2.429392e-05
6.964256e-05 3.482128e-05 1.214696e-05 3.563108e-05 2.429392e-06
9.636587e-05 0.0001465733 3.07723e-05 4.696824e-05 4.291925e-05
1.700574e-05 3.563108e-05 2.267432e-05 0.0002947662 6.721317e-05
3.563108e-05 3.239189e-05 4.453885e-05 8.016993e-05 8.097973e-06
5.263682e-05 4.696824e-05 2.429392e-05 2.348412e-05 3.725067e-05
7.126216e-05 2.99625e-05 2.429392e-05 9.879526e-05 0.0001498125
8.097973e-07 2.83429e-05 3.239189e-05 3.887027e-05 9.231689e-05
7.207196e-05 4.291925e-05 5.83054e-05 6.154459e-05 9.150709e-05
1.781554e-05 2.429392e-06 5.101723e-05 1.619595e-06 4.696824e-05
7.450135e-05 2.83429e-05 3.644088e-05 5.020743e-05 0.000127948
3.806047e-05 6.802297e-05 0.0001020345 4.777804e-05 8.340912e-05
7.288175e-05 2.348412e-05 2.753311e-05 8.097973e-07 8.90777e-06
3.482128e-05 3.806047e-05 5.263682e-05 5.101723e-05 4.048986e-05
4.210946e-05 5.263682e-05 4.777804e-05 8.259932e-05 4.858784e-06
7.207196e-05 4.210946e-05 0.0001862534 3.239189e-06 5.425642e-05
3.239189e-06 2.186453e-05 5.020743e-05 2.83429e-05 2.429392e-05
3.806047e-05 3.644088e-05 2.429392e-05 4.696824e-05 2.83429e-05
8.097973e-07 2.105473e-05 2.83429e-05 0.0001141814 3.482128e-05
3.563108e-05 0.0001651986 7.936013e-05 2.99625e-05 1.943513e-05
5.668581e-06 1.943513e-05 2.348412e-05 4.048986e-05 2.753311e-05
1.538615e-05 1.781554e-05 5.182702e-05 8.097973e-06 0.0002032591
0.0002445588 3.239189e-05 4.534865e-05 4.048986e-05 4.453885e-05
0.0001141814 5.506621e-05 3.158209e-05 2.429392e-06 3.07723e-05
2.348412e-05 4.048986e-05 5.101723e-05 3.239189e-06 4.372905e-05
1.619595e-06 1.619595e-06 3.158209e-05 7.531114e-05 3.806047e-05
4.858784e-06 0.00011985 0.0001295676 2.429392e-06 4.534865e-05
2.510371e-05 1.619595e-06 4.048986e-05 7.936013e-05 3.887027e-05
2.91527e-05 8.178952e-05 4.048986e-05 3.07723e-05 0.0001230892
1.538615e-05 9.474628e-05 5.668581e-05 7.288175e-05 4.777804e-05
5.668581e-05 2.99625e-05 4.372905e-05 3.07723e-05 3.401148e-05
1.295676e-05 2.024493e-05 4.939763e-05 5.182702e-05 8.097973e-06
4.291925e-05 4.696824e-05 8.82679e-05 0.0001060834 1.133716e-05
3.239189e-06 2.105473e-05 3.158209e-05 1.619595e-06 4.129966e-05
5.506621e-05 8.097973e-06 8.097973e-07 4.129966e-05 0.0001433341
3.644088e-05 3.644088e-05 5.425642e-05 2.83429e-05 1.133716e-05
2.99625e-05 4.372905e-05 0.0002226942 1.619595e-06 2.591351e-05
5.182702e-05 1.862534e-05 2.83429e-05 7.288175e-05 7.369155e-05
1.619595e-06 0.0001004149 3.968007e-05 4.615844e-05 3.158209e-05
4.858784e-06 2.672331e-05 3.239189e-05 1.862534e-05 8.90777e-05
3.239189e-05 0.0001206598 2.91527e-05 3.563108e-05 4.615844e-05
2.267432e-05 3.239189e-06 4.939763e-05 1.619595e-05 3.07723e-05
5.668581e-06 4.858784e-06 3.563108e-05 3.239189e-06 3.401148e-05
5.344662e-05 6.883277e-05 3.644088e-05 3.239189e-06 3.158209e-05
4.453885e-05 2.510371e-05 3.806047e-05 7.612094e-05 2.267432e-05
0.000131997 6.154459e-05 1.862534e-05 3.239189e-05 2.186453e-05
6.397398e-05 2.83429e-05 3.239189e-06 2.83429e-05 2.591351e-05
2.510371e-05 4.453885e-05 3.239189e-05 2.348412e-05 3.725067e-05
2.83429e-05 0.0001166108 2.105473e-05 3.239189e-06 4.048986e-05
1.781554e-05 9.717567e-06 2.105473e-05 3.239189e-06 2.510371e-05
6.721317e-05 5.83054e-05 3.563108e-05 5.020743e-05 1.619595e-06
4.777804e-05 2.83429e-05 8.097973e-06 7.693074e-05 4.210946e-05
2.510371e-05 4.858784e-06 2.105473e-05 6.802297e-05 5.101723e-05
2.753311e-05 2.348412e-05 4.129966e-05 2.510371e-05 3.887027e-05
5.9925e-05 0.0001571007 4.858784e-06 5.101723e-05 5.83054e-05
6.235439e-05 2.591351e-05 3.239189e-06 6.478378e-06 2.83429e-05
6.073479e-05 1.619595e-06 2.186453e-05 2.267432e-05 3.239189e-05
3.239189e-05 2.99625e-05 2.186453e-05 3.239189e-06 8.097973e-07
5.506621e-05 3.563108e-05 2.83429e-05 2.024493e-05 3.401148e-05
8.90777e-06 8.097973e-07 8.340912e-05 3.07723e-05 5.425642e-05
2.91527e-05 3.887027e-05 2.267432e-05 4.777804e-05 2.429392e-06
8.097973e-07 2.429392e-06 4.372905e-05 9.717567e-06 3.563108e-05
2.105473e-05 8.988749e-05 3.239189e-06 2.753311e-05 3.563108e-05
8.016993e-05 3.239189e-06 4.696824e-05 6.478378e-06 6.397398e-05
4.615844e-05 2.83429e-05 1.052736e-05 5.101723e-05 3.239189e-05
2.672331e-05 5.91152e-05 1.619595e-05 3.563108e-05 4.129966e-05
0.000187873 2.83429e-05 5.9925e-05 3.320169e-05 5.101723e-05
8.988749e-05 7.288175e-05 4.372905e-05 4.777804e-05 2.510371e-05
1.457635e-05 7.369155e-05 3.239189e-06 7.531114e-05 1.133716e-05
2.186453e-05 4.048986e-05 3.320169e-05 4.534865e-05 2.510371e-05
3.239189e-05 5.020743e-05 2.429392e-06 3.482128e-05 3.320169e-05
3.07723e-05 0.0001125618 2.753311e-05 4.858784e-05 1.619595e-06
4.372905e-05 8.097973e-07 5.263682e-05 0.000107703 2.186453e-05
7.693074e-05 2.267432e-05 3.320169e-05 3.563108e-05 2.510371e-05
3.158209e-05 2.429392e-05 2.672331e-05 3.239189e-05 4.048986e-05
7.126216e-05 2.99625e-05 2.267432e-05 0.0001287578 1.619595e-06
3.644088e-05 0.000111752 7.045236e-05 1.781554e-05 2.510371e-05
2.348412e-05 8.097973e-07 3.320169e-05 2.591351e-05 5.74956e-05
9.636587e-05 3.07723e-05 2.429392e-05 4.777804e-05 2.105473e-05
0.0001603399 3.644088e-05 8.097973e-07 2.429392e-05 4.696824e-05
1.052736e-05 3.482128e-05 2.99625e-05 2.83429e-05 2.672331e-05
3.239189e-06 4.858784e-06 9.717567e-06 4.858784e-06 2.267432e-05
8.097973e-06 1.376655e-05 0.0001311872 3.725067e-05 5.83054e-05
4.048986e-06 7.045236e-05 4.048986e-05 1.619595e-06 6.478378e-06
7.126216e-05 2.99625e-05 1.619595e-06 3.887027e-05 2.429392e-05
2.429392e-06 3.644088e-05 5.101723e-05 4.291925e-05 3.239189e-05
2.510371e-05 8.097973e-06 2.99625e-05 3.968007e-05 2.429392e-05
1.781554e-05 3.887027e-05 0.0001020345 4.453885e-05 2.591351e-05
4.210946e-05 3.968007e-05 1.133716e-05 2.186453e-05 3.563108e-05
2.83429e-05 2.83429e-05 1.619595e-06 6.640337e-05 2.429392e-05
8.097973e-07 1.619595e-06 9.717567e-05 3.563108e-05 4.048986e-06
2.672331e-05 2.429392e-05 2.510371e-05 2.429392e-05 1.619595e-06
3.239189e-06 3.320169e-05 2.83429e-05 3.644088e-05 2.186453e-05
2.429392e-06 2.348412e-05 3.968007e-05 3.239189e-06 3.968007e-05
2.591351e-05 2.753311e-05 3.968007e-05 3.482128e-05 1.700574e-05
2.672331e-05 0.0003231091 5.74956e-05 1.619595e-06 2.510371e-05
6.073479e-05 2.186453e-05 0.0001336165 2.186453e-05 2.753311e-05
3.644088e-05 2.83429e-05 2.91527e-05 8.097973e-07 3.968007e-05
2.267432e-05 2.186453e-05 2.672331e-05 0.000107703 2.267432e-05
2.83429e-05 3.644088e-05 0.0001020345 8.097973e-05 6.478378e-06
8.097973e-07 1.619595e-06 8.016993e-05 2.186453e-05 4.372905e-05
4.858784e-06 2.753311e-05 4.858784e-05 1.457635e-05 8.097973e-07
5.344662e-05 4.858784e-05 3.806047e-05 2.429392e-05 5.506621e-05
5.425642e-05 9.960506e-05 3.482128e-05 7.288175e-06 3.320169e-05
3.887027e-05 3.07723e-05 8.82679e-05 6.397398e-05 1.619595e-06
4.372905e-05 2.672331e-05 6.073479e-05 4.696824e-05 0.0001692476
2.83429e-05 2.753311e-05 7.288175e-06 8.340912e-05 2.429392e-05
2.429392e-06 6.478378e-06 2.186453e-05 2.186453e-05 1.052736e-05
8.178952e-05 3.806047e-05 2.672331e-05 0.0002777605 8.097973e-07
3.644088e-05 4.210946e-05 3.239189e-05 2.510371e-05 5.020743e-05
3.158209e-05 3.239189e-05 8.097973e-07 3.563108e-05 4.129966e-05
3.158209e-05 8.097973e-05 6.235439e-05 7.288175e-06 1.052736e-05
4.372905e-05 1.619595e-06 3.806047e-05 9.717567e-06 2.267432e-05
2.99625e-05 3.07723e-05 1.862534e-05 8.502871e-05 4.777804e-05
3.158209e-05 6.802297e-05 2.105473e-05 4.210946e-05 7.045236e-05
2.429392e-05 2.91527e-05 0.0001263284 8.502871e-05 0.000175726
0.0002243138 7.288175e-06 1.538615e-05 2.429392e-05 3.158209e-05
1.943513e-05 0.0001700574 5.344662e-05 1.619595e-06 2.591351e-05
8.90777e-06 3.806047e-05 2.99625e-05 8.097973e-07 6.721317e-05
7.369155e-05 2.91527e-05 6.073479e-05 2.024493e-05 6.559358e-05
5.9925e-05 2.591351e-05 7.045236e-05 2.99625e-05 3.239189e-05
4.534865e-05 2.672331e-05 3.239189e-05 2.753311e-05 6.883277e-05
4.615844e-05 3.320169e-05 1.619595e-06 2.186453e-05 2.591351e-05
2.91527e-05 9.717567e-06 9.717567e-06 7.288175e-06 1.619595e-06
2.348412e-05 1.295676e-05 2.510371e-05 4.453885e-05 3.644088e-05
4.858784e-05 2.753311e-05 4.858784e-05 4.291925e-05 3.563108e-05
8.016993e-05 9.717567e-05 2.83429e-05 1.457635e-05 6.478378e-06
1.538615e-05 2.429392e-05 4.129966e-05 4.858784e-06 0.0001514321
3.158209e-05 3.968007e-05 2.753311e-05 8.097973e-07 3.968007e-05
5.91152e-05 2.83429e-05 9.312668e-05 1.619595e-06 1.619595e-05
9.150709e-05 5.91152e-05 3.158209e-05 0.0001020345 9.636587e-05
9.393648e-05 0.000103654 1.133716e-05 2.024493e-05 2.83429e-05
3.239189e-05 3.563108e-05 2.510371e-05 6.235439e-05 0.000103654
2.348412e-05 5.263682e-05 2.91527e-05 3.482128e-05 1.133716e-05
6.073479e-05 9.312668e-05 4.858784e-06 5.263682e-05 3.239189e-05
1.619595e-06 8.097973e-07 3.725067e-05 0.0001190402 8.097973e-07
8.016993e-05 3.725067e-05 3.239189e-05 8.097973e-07 3.07723e-05
2.429392e-05 4.453885e-05 7.045236e-05 4.453885e-05 3.482128e-05
4.048986e-05 4.858784e-05 6.316419e-05 8.097973e-07 2.591351e-05
2.83429e-05 0.0001085128 2.429392e-05 2.91527e-05 3.806047e-05
2.753311e-05 2.267432e-05 1.700574e-05 5.425642e-05 2.105473e-05
6.559358e-05 4.210946e-05 1.619595e-06 3.806047e-05 1.619595e-06
3.07723e-05 5.263682e-05 1.619595e-05 4.858784e-06 1.457635e-05
8.097973e-07 5.74956e-05 4.615844e-05 3.239189e-05 5.182702e-05
5.506621e-05 1.700574e-05 1.862534e-05 0.0001230892 2.105473e-05
2.267432e-05 9.555608e-05 2.510371e-05 3.644088e-05 1.619595e-06
2.429392e-05 7.612094e-05 1.214696e-05 5.74956e-05 9.717567e-06
5.668581e-06 4.858784e-05 1.619595e-06 2.429392e-06 8.097973e-07
4.858784e-05 8.097973e-07 5.182702e-05 0.000407328 4.048986e-05
6.964256e-05 2.429392e-06 5.91152e-05 3.158209e-05 9.717567e-06
1.619595e-06 5.91152e-05 4.129966e-05 4.858784e-05 2.429392e-06
2.672331e-05 5.101723e-05 3.158209e-05 1.457635e-05 3.887027e-05
2.429392e-06 3.482128e-05 4.858784e-05 5.9925e-05 3.482128e-05
0.0001214696 2.429392e-05 2.83429e-05 7.288175e-05 1.052736e-05
3.482128e-05 2.429392e-05 1.862534e-05 3.806047e-05 5.587601e-05
2.83429e-05 2.105473e-05 5.344662e-05 8.097973e-07 8.340912e-05
9.474628e-05 2.024493e-05 2.267432e-05 8.82679e-05 8.097973e-07
2.105473e-05 4.453885e-05 1.538615e-05 2.672331e-05 1.619595e-06
5.668581e-05 8.097973e-07 2.99625e-05 3.158209e-05 5.101723e-05
2.186453e-05 3.239189e-05 3.644088e-05 0.0001101324 2.753311e-05
8.259932e-05 6.073479e-05 5.9925e-05 8.097973e-07 6.640337e-05
9.717567e-05 8.502871e-05 2.267432e-05 8.340912e-05 4.291925e-05
3.563108e-05 0.0001295676 5.91152e-05 3.806047e-05 4.777804e-05
8.016993e-05 0.0001571007 2.186453e-05 4.858784e-06 3.725067e-05
1.700574e-05 0.0002024493 8.097973e-07 1.619595e-06 4.372905e-05
1.619595e-06 1.619595e-06 4.129966e-05 0.0001149912 5.020743e-05
3.887027e-05 9.231689e-05 7.450135e-05 4.858784e-05 4.453885e-05
9.393648e-05 6.154459e-05 3.239189e-06 9.555608e-05 2.591351e-05
1.619595e-06 4.534865e-05 6.721317e-05 4.858784e-05 3.725067e-05
3.644088e-05 3.806047e-05 2.591351e-05 5.182702e-05 2.105473e-05
5.83054e-05 2.83429e-05 2.83429e-05 2.348412e-05 8.097973e-07
0.0001012247 2.429392e-06 8.340912e-05 2.429392e-06 4.048986e-06
5.263682e-05 5.263682e-05 3.07723e-05 2.753311e-05 5.9925e-05
1.619595e-06 5.74956e-05 2.024493e-05 0.0001603399 4.291925e-05
1.862534e-05 2.429392e-05 2.348412e-05 8.097973e-07 2.348412e-05
2.186453e-05 4.129966e-05 2.186453e-05 1.295676e-05 5.506621e-05
3.320169e-05 3.725067e-05 2.91527e-05 8.097973e-07 4.939763e-05
2.753311e-05 3.968007e-05 1.619595e-06 2.186453e-05 3.563108e-05
2.672331e-05 1.133716e-05 5.263682e-05 8.90777e-05 2.83429e-05
3.401148e-05 1.133716e-05 2.591351e-05 2.429392e-06 3.320169e-05
0.000131997 3.887027e-05 8.097973e-07 8.097973e-07 2.429392e-05
0.0001068932 1.781554e-05 2.591351e-05 0.000127948 3.482128e-05
3.644088e-05 7.531114e-05 3.07723e-05 3.644088e-05 3.239189e-05
2.348412e-05 1.862534e-05 8.583851e-05 2.83429e-05 5.182702e-05
2.83429e-05 3.07723e-05 1.862534e-05 2.83429e-05 4.696824e-05
8.097973e-07 2.672331e-05 1.781554e-05 8.097973e-06 2.591351e-05
2.186453e-05 4.291925e-05 1.619595e-06 3.563108e-05 5.182702e-05
5.83054e-05 2.348412e-05 2.186453e-05 5.668581e-06 1.619595e-05
4.048986e-05 1.781554e-05 8.90777e-06 0.0001101324 1.619595e-06
4.858784e-06 3.644088e-05 2.429392e-05 3.320169e-05 4.777804e-05
5.101723e-05 4.777804e-05 2.429392e-05 3.806047e-05 3.239189e-05
2.429392e-05 3.239189e-06 2.591351e-05 4.615844e-05 6.478378e-06
2.91527e-05 5.263682e-05 4.939763e-05 2.83429e-05 3.07723e-05
3.320169e-05 3.644088e-05 2.99625e-05 2.024493e-05 8.097973e-06
5.668581e-06 8.097973e-07 3.806047e-05 9.717567e-06 2.99625e-05
2.348412e-05 4.291925e-05 0.0001619595 3.644088e-05 3.644088e-05
1.943513e-05 4.372905e-05 3.239189e-05 3.806047e-05 3.158209e-05
1.619595e-05 1.619595e-05 5.506621e-05 2.753311e-05 4.858784e-06
8.097973e-07 4.291925e-05 2.348412e-05 2.105473e-05 1.619595e-06
2.429392e-05 5.668581e-05 8.178952e-05 3.482128e-05 1.619595e-06
2.672331e-05 5.182702e-05 5.668581e-05 3.482128e-05 2.024493e-05
4.858784e-06 2.83429e-05 4.048986e-05 5.020743e-05 1.619595e-06
7.288175e-06 3.158209e-05 3.239189e-05 4.858784e-05 2.91527e-05
2.591351e-05 5.425642e-05 2.267432e-05 7.045236e-05 3.968007e-05
2.753311e-05 1.619595e-06 4.048986e-05 3.968007e-05 8.74581e-05
4.696824e-05 1.619595e-06 2.429392e-05 4.048986e-06 6.073479e-05
2.753311e-05 2.267432e-05 2.99625e-05 1.619595e-06 3.158209e-05
1.943513e-05 4.291925e-05 8.097973e-07 2.267432e-05 8.097973e-07
2.99625e-05 5.9925e-05 3.806047e-05 5.020743e-05 3.239189e-06
4.453885e-05 1.619595e-06 2.672331e-05 4.696824e-05 1.943513e-05
3.806047e-05 5.344662e-05 0.0002048787 8.097973e-07 8.502871e-05
3.968007e-05 5.668581e-05 3.401148e-05 4.939763e-05 1.619595e-05
2.429392e-05 2.429392e-05 3.239189e-06 8.097973e-07 1.619595e-06
2.510371e-05 2.99625e-05 8.502871e-05 0.00011985 2.429392e-05
3.968007e-05 2.591351e-05 2.83429e-05 4.291925e-05 0.0001619595
6.316419e-05 6.235439e-05 2.024493e-05 1.214696e-05 1.619595e-06
3.644088e-05 8.097973e-07 3.07723e-05 7.126216e-05 1.619595e-06
3.968007e-05 6.478378e-06 3.644088e-05 2.429392e-05 1.376655e-05
2.267432e-05 5.425642e-05 3.968007e-05 2.348412e-05 2.348412e-05
3.239189e-05 2.429392e-05 7.207196e-05 8.178952e-05 2.429392e-05
3.563108e-05 5.425642e-05 6.640337e-05 8.097973e-07 3.401148e-05
4.858784e-05 3.07723e-05 3.482128e-05 3.887027e-05 1.619595e-06
9.231689e-05 5.9925e-05 6.235439e-05 2.672331e-05 4.372905e-05
2.348412e-05 3.07723e-05 7.612094e-05 2.591351e-05 4.858784e-06
7.207196e-05 1.052736e-05 3.725067e-05 0.000243749 0.0001085128
3.482128e-05 3.563108e-05 2.105473e-05 1.943513e-05 1.619595e-06
8.097973e-07 3.968007e-05 9.960506e-05 4.291925e-05 4.777804e-05
3.887027e-05 6.397398e-05 6.478378e-06 8.097973e-07 8.90777e-06
8.016993e-05 3.401148e-05 2.429392e-06 2.348412e-05 3.644088e-05
1.619595e-06 2.429392e-05 3.07723e-05 6.316419e-05 0.0001020345
3.158209e-05 3.07723e-05 4.858784e-06 1.376655e-05 4.048986e-05
3.482128e-05 2.105473e-05 3.320169e-05 4.534865e-05 4.615844e-05
2.348412e-05 1.457635e-05 3.07723e-05 7.612094e-05 5.74956e-05
4.534865e-05 3.239189e-05 2.510371e-05 8.097973e-07 1.619595e-06
5.74956e-05 5.74956e-05 2.510371e-05 1.943513e-05 3.239189e-05
3.563108e-05 5.668581e-06 4.777804e-05 4.453885e-05 4.372905e-05
7.369155e-05 4.048986e-05 3.239189e-05 6.478378e-06 3.239189e-06
4.534865e-05 3.239189e-06 7.288175e-06 6.964256e-05 2.267432e-05
8.097973e-07 4.696824e-05 2.267432e-05 3.482128e-05 6.559358e-05
3.644088e-05 3.07723e-05 2.348412e-05 3.320169e-05 8.097973e-07
3.158209e-05 2.672331e-05 8.097973e-07 2.105473e-05 2.186453e-05
2.510371e-05 2.105473e-05 4.858784e-05 6.235439e-05 8.097973e-07
2.83429e-05 2.105473e-05 1.619595e-06 2.510371e-05 2.348412e-05
8.097973e-07 3.401148e-05 3.158209e-05 3.644088e-05 0.0001020345
3.239189e-06 3.239189e-06 8.097973e-07 2.591351e-05 3.887027e-05
8.097973e-07 2.591351e-05 8.097973e-07 7.450135e-05 9.150709e-05
2.510371e-05 2.429392e-06 1.619595e-06 2.591351e-05 2.348412e-05
2.672331e-05 8.340912e-05 7.774054e-05 4.291925e-05 2.186453e-05
1.619595e-06 1.133716e-05 4.372905e-05 3.239189e-05 4.291925e-05
3.239189e-05 3.887027e-05 4.048986e-06 4.453885e-05 4.210946e-05
3.563108e-05 4.939763e-05 5.74956e-05 3.644088e-05 5.182702e-05
1.619595e-05 0.0001052736 3.239189e-05 7.288175e-06 1.619595e-06
7.207196e-05 1.619595e-06 5.83054e-05 2.348412e-05 2.267432e-05
1.295676e-05 3.239189e-05 6.478378e-06 2.83429e-05 6.073479e-05
3.239189e-05 4.048986e-05 6.478378e-05 4.291925e-05 3.239189e-06
2.591351e-05 4.615844e-05 2.83429e-05 5.91152e-05 5.668581e-06
1.052736e-05 3.07723e-05 3.887027e-05 1.619595e-06 3.158209e-05
3.725067e-05 3.644088e-05 3.482128e-05 5.425642e-05 4.534865e-05
2.91527e-05 1.619595e-06 3.968007e-05 5.425642e-05 3.158209e-05
5.668581e-05 4.615844e-05 2.83429e-05 6.721317e-05 2.429392e-05
7.288175e-06 1.619595e-06 4.372905e-05 5.668581e-05 3.968007e-05
4.129966e-05 2.267432e-05 9.798547e-05 1.295676e-05 1.619595e-05
3.887027e-05 4.858784e-06 3.239189e-06 1.214696e-05 5.587601e-05
6.883277e-05 2.83429e-05 4.048986e-06 8.340912e-05 6.073479e-05
3.07723e-05 4.858784e-06 2.186453e-05 8.82679e-05 4.048986e-05
2.186453e-05 3.725067e-05 2.83429e-05 2.267432e-05 1.619595e-06
4.048986e-06 5.668581e-05 8.097973e-07 9.717567e-06 1.457635e-05
3.239189e-06 3.239189e-05 2.99625e-05 3.563108e-05 3.887027e-05
2.591351e-05 3.239189e-06 1.133716e-05 4.291925e-05 1.862534e-05
4.048986e-06 3.239189e-06 5.587601e-05 4.129966e-05 2.83429e-05
2.510371e-05 4.453885e-05 3.806047e-05 2.024493e-05 1.619595e-06
3.158209e-05 2.186453e-05 4.777804e-05 2.186453e-05 4.372905e-05
4.534865e-05 0.000163579 4.129966e-05 1.376655e-05 4.453885e-05
4.048986e-06 4.372905e-05 2.91527e-05 4.858784e-05 6.478378e-05
2.429392e-06 8.097973e-07 2.267432e-05 4.858784e-05 4.696824e-05
4.453885e-05 3.158209e-05 5.263682e-05 1.619595e-06 1.619595e-06
4.615844e-05 2.429392e-05 3.401148e-05 6.964256e-05 4.291925e-05
6.559358e-05 7.693074e-05 2.83429e-05 2.672331e-05 2.91527e-05
2.348412e-05 1.619595e-06 8.016993e-05 2.99625e-05 1.619595e-06
2.753311e-05 8.097973e-07 6.883277e-05 5.425642e-05 3.239189e-05
3.563108e-05 2.186453e-05 1.619595e-06 2.83429e-05 1.619595e-06
3.968007e-05 6.073479e-05 1.538615e-05 5.9925e-05 1.862534e-05
2.510371e-05 8.097973e-07 2.105473e-05 6.397398e-05 8.097973e-07
4.372905e-05 6.478378e-06 3.563108e-05 2.672331e-05 4.534865e-05
2.267432e-05 0.0001255186 2.83429e-05 4.858784e-06 3.725067e-05
8.097973e-07 8.90777e-06 8.097973e-07 4.453885e-05 6.316419e-05
2.429392e-05 2.186453e-05 1.619595e-06 2.267432e-05 3.401148e-05
2.429392e-06 2.591351e-05 1.619595e-06 4.453885e-05 1.943513e-05
4.048986e-05 2.105473e-05 1.376655e-05 2.672331e-05 1.619595e-06
4.858784e-06 2.91527e-05 3.239189e-06 3.482128e-05 1.943513e-05
4.858784e-05 1.619595e-06 8.097973e-07 4.858784e-05 1.619595e-06
8.097973e-07 4.048986e-06 8.74581e-05 2.510371e-05 4.453885e-05
2.753311e-05 1.619595e-06 0.0001271382 2.91527e-05 1.619595e-06
2.83429e-05 3.158209e-05 4.615844e-05 6.478378e-06 1.619595e-06
4.048986e-05 9.717567e-05 3.806047e-05 2.591351e-05 2.267432e-05
1.619595e-06 2.83429e-05 2.753311e-05 8.097973e-07 1.619595e-06
1.619595e-06 3.563108e-05 8.097973e-06 2.591351e-05 5.263682e-05
3.401148e-05 3.239189e-06 4.210946e-05 5.668581e-06 0.000283429
4.210946e-05 2.429392e-05 2.753311e-05 3.563108e-05 1.619595e-06
1.619595e-06 2.510371e-05 6.316419e-05 4.858784e-05 8.097973e-07
5.506621e-05 6.478378e-05 3.725067e-05 2.024493e-05 4.696824e-05
6.478378e-05 1.619595e-06 2.429392e-06 7.693074e-05 6.478378e-05
3.401148e-05 8.097973e-06 4.858784e-05 3.401148e-05 2.99625e-05
3.644088e-05 9.717567e-06 6.964256e-05 5.506621e-05 3.401148e-05
2.348412e-05 3.644088e-05 8.097973e-07 2.348412e-05 2.510371e-05
1.214696e-05 2.83429e-05 7.612094e-05 8.097973e-07 5.344662e-05
3.320169e-05 3.239189e-06 1.619595e-06 2.91527e-05 2.510371e-05
1.619595e-06 4.696824e-05 3.563108e-05 3.644088e-05 4.291925e-05
4.939763e-05 2.105473e-05 0.0001417145 1.619595e-06 8.097973e-06
5.74956e-05 1.781554e-05 1.619595e-06 5.668581e-06 2.267432e-05
5.182702e-05 1.862534e-05 3.806047e-05 7.450135e-05 2.348412e-05
1.619595e-06 3.158209e-05 6.316419e-05 3.563108e-05 5.83054e-05
8.097973e-07 3.563108e-05 2.83429e-05 1.619595e-06 3.725067e-05
2.429392e-05 8.097973e-07 2.429392e-06 3.644088e-05 8.097973e-07
3.158209e-05 1.943513e-05 0.000167628 1.619595e-06 5.182702e-05
3.563108e-05 5.668581e-06 2.83429e-05 2.672331e-05 3.239189e-05
8.502871e-05 8.097973e-07 5.91152e-05 8.90777e-06 2.024493e-05
2.591351e-05 6.073479e-05 8.097973e-07 3.482128e-05 3.887027e-05
3.158209e-05 1.943513e-05 1.619595e-06 8.097973e-07 8.097973e-06
4.858784e-06 2.429392e-06 9.717567e-06 1.700574e-05 2.186453e-05
7.288175e-06 3.158209e-05 2.83429e-05 9.150709e-05 1.619595e-05
8.097973e-06 2.99625e-05 3.887027e-05 5.668581e-05 4.858784e-05
1.781554e-05 2.99625e-05 8.82679e-05 1.619595e-06 7.288175e-06
8.097973e-07 7.450135e-05 2.186453e-05 8.097973e-07 2.591351e-05
1.133716e-05 8.097973e-07 3.563108e-05 3.968007e-05 3.239189e-05
2.429392e-05 4.939763e-05 6.235439e-05 2.267432e-05 3.725067e-05
5.263682e-05 8.259932e-05 1.295676e-05 2.429392e-05 3.239189e-05
5.74956e-05 5.020743e-05 3.320169e-05 2.348412e-05 8.097973e-07
9.717567e-06 8.097973e-06 3.401148e-05 0.0001287578 7.126216e-05
9.717567e-06 3.239189e-06 4.453885e-05 5.91152e-05 2.348412e-05
6.559358e-05 3.07723e-05 1.619595e-06 8.90777e-05 2.99625e-05
3.07723e-05 7.936013e-05 3.725067e-05 5.668581e-06 2.672331e-05
2.672331e-05 0.0001862534 2.429392e-05 3.482128e-05 7.450135e-05
3.158209e-05 0.0001732966 8.988749e-05 1.943513e-05 6.478378e-06
1.619595e-05 5.263682e-05 1.295676e-05 7.126216e-05 3.158209e-05
4.858784e-05 2.91527e-05 3.239189e-06 3.239189e-06 8.90777e-06
8.097973e-07 5.668581e-05 6.478378e-06 9.717567e-06 8.097973e-07
8.097973e-07 2.510371e-05 8.097973e-07 2.186453e-05 0.0001060834
8.097973e-07 4.048986e-05 2.105473e-05 4.858784e-06 6.478378e-05
1.619595e-05 5.101723e-05 4.048986e-06 9.717567e-06 2.429392e-05
1.133716e-05 2.429392e-06 3.07723e-05 3.239189e-05 8.097973e-07
3.968007e-05 2.024493e-05 4.858784e-06 3.725067e-05 3.320169e-05
4.939763e-05 6.073479e-05 3.725067e-05 2.672331e-05 3.887027e-05
2.429392e-06 2.753311e-05 8.097973e-07 3.239189e-06 1.619595e-06
3.158209e-05 1.862534e-05 5.101723e-05 2.753311e-05 1.619595e-06
3.644088e-05 6.478378e-06 5.020743e-05 3.239189e-06 2.429392e-05
6.397398e-05 2.267432e-05 1.619595e-06 3.239189e-05 0.0001222794
2.429392e-05 8.097973e-07 1.619595e-06 5.263682e-05 3.239189e-05
5.668581e-06 3.158209e-05 2.672331e-05 5.020743e-05 1.214696e-05
2.429392e-06 3.239189e-06 3.644088e-05 3.887027e-05 4.858784e-06
4.696824e-05 2.429392e-05 4.858784e-06 8.097973e-07 5.83054e-05
4.210946e-05 0.0001133716 6.478378e-05 4.939763e-05 8.90777e-06
4.291925e-05 5.425642e-05 3.482128e-05 3.158209e-05 0.000123899
7.531114e-05 4.372905e-05 3.968007e-05 5.020743e-05 4.129966e-05
8.097973e-07 3.158209e-05 4.858784e-06 8.097973e-07 4.858784e-06
4.048986e-06 3.725067e-05 2.105473e-05 1.619595e-06 3.401148e-05
1.619595e-05 8.097973e-07 4.858784e-05 3.644088e-05 2.267432e-05
7.288175e-05 4.858784e-05 5.506621e-05 1.457635e-05 3.320169e-05
3.968007e-05 4.291925e-05 1.619595e-06 2.429392e-05 8.097973e-07
4.048986e-06 1.619595e-06 4.777804e-05 1.619595e-06 5.506621e-05
5.182702e-05 5.101723e-05 4.453885e-05 2.510371e-05 6.802297e-05
2.99625e-05 1.538615e-05 1.295676e-05 4.534865e-05 1.619595e-05
4.615844e-05 8.097973e-07 3.644088e-05 8.097973e-07 1.943513e-05
4.453885e-05 4.696824e-05 3.887027e-05 6.640337e-05 2.105473e-05
3.968007e-05 4.372905e-05 2.429392e-06 2.186453e-05 3.563108e-05
7.288175e-06 2.186453e-05 2.99625e-05 1.619595e-06 3.644088e-05
0.0002186453 2.429392e-06 1.619595e-06 6.154459e-05 1.619595e-06
1.052736e-05 3.644088e-05 4.615844e-05 8.097973e-07 3.563108e-05
4.048986e-05 3.725067e-05 3.968007e-05 3.806047e-05 1.700574e-05
4.858784e-06 4.777804e-05 3.239189e-06 8.097973e-07 2.672331e-05
2.83429e-05 4.534865e-05 7.288175e-05 8.90777e-06 2.429392e-06
2.83429e-05 3.968007e-05 2.348412e-05 7.288175e-06 1.457635e-05
7.936013e-05 7.288175e-06 5.668581e-06 8.502871e-05 2.105473e-05
1.862534e-05 3.482128e-05 2.753311e-05 0.0001392851 3.644088e-05
9.069729e-05 4.858784e-06 8.097973e-07 1.781554e-05 8.097973e-05
2.105473e-05 6.883277e-05 2.105473e-05 3.968007e-05 8.097973e-07
5.668581e-05 5.668581e-06 5.668581e-06 3.887027e-05 4.858784e-05
2.83429e-05 2.429392e-05 8.097973e-06 9.717567e-06 3.320169e-05
3.806047e-05 6.802297e-05 7.288175e-06 4.534865e-05 2.99625e-05
8.097973e-07 1.133716e-05 3.239189e-05 4.615844e-05 3.07723e-05
1.619595e-06 2.91527e-05 2.024493e-05 2.429392e-06 2.186453e-05
3.239189e-05 8.097973e-06 2.83429e-05 4.048986e-05 4.696824e-05
2.753311e-05 8.016993e-05 0.0001214696 3.239189e-05 4.048986e-06
9.717567e-06 2.348412e-05 0.0001959709 4.129966e-05 1.619595e-06
2.429392e-05 1.619595e-06 8.097973e-07 2.591351e-05 1.538615e-05
1.295676e-05 6.154459e-05 2.429392e-05 1.619595e-05 6.478378e-05
4.615844e-05 1.619595e-06 4.048986e-06 3.482128e-05 4.372905e-05
1.700574e-05 1.619595e-06 2.429392e-06 3.968007e-05 2.83429e-05
3.239189e-05 8.097973e-07 1.619595e-06 2.99625e-05 4.858784e-06
4.858784e-06 4.372905e-05 2.429392e-06 1.700574e-05 1.376655e-05
5.263682e-05 8.097973e-06 2.672331e-05 6.235439e-05 2.186453e-05
5.83054e-05 2.672331e-05 7.288175e-06 0.0001004149 3.320169e-05
8.097973e-07 3.482128e-05 8.583851e-05 2.591351e-05 2.267432e-05
3.239189e-05 3.239189e-06 2.591351e-05 8.097973e-07 1.376655e-05
2.91527e-05 9.717567e-06 5.020743e-05 1.619595e-06 3.158209e-05
1.619595e-06 1.619595e-06 3.725067e-05 4.048986e-05 7.207196e-05
5.101723e-05 6.478378e-05 5.344662e-05 0.000287478 2.429392e-05
8.421891e-05 3.401148e-05 2.429392e-05 6.073479e-05 7.126216e-05
5.101723e-05 5.91152e-05 1.619595e-06 3.158209e-05 2.429392e-06
2.83429e-05 4.777804e-05 2.83429e-05 4.453885e-05 3.158209e-05
4.048986e-05 1.619595e-06 2.753311e-05 2.105473e-05 4.048986e-05
8.097973e-07 1.619595e-06 3.158209e-05 3.239189e-05 9.717567e-06
2.672331e-05 3.239189e-05 2.429392e-05 6.478378e-06 3.563108e-05
4.291925e-05 2.83429e-05 3.239189e-06 2.591351e-05 3.563108e-05
3.07723e-05 4.858784e-06 2.267432e-05 9.960506e-05 2.91527e-05
8.097973e-06 7.450135e-05 4.048986e-06 2.429392e-06 5.101723e-05
2.024493e-05 5.506621e-05 8.097973e-07 8.097973e-07 1.619595e-05
0.0001352361 3.239189e-05 2.429392e-06 2.429392e-06 1.619595e-06
2.91527e-05 2.672331e-05 5.587601e-05 7.855033e-05 4.048986e-05
4.048986e-05 7.288175e-05 8.097973e-07 2.591351e-05 2.91527e-05
1.700574e-05 5.263682e-05 3.239189e-06 2.510371e-05 0.0001490027
8.664831e-05 8.097973e-07 4.858784e-06 1.619595e-06 8.097973e-07
4.372905e-05 0.000123899 4.453885e-05 3.239189e-06 5.101723e-05
6.478378e-06 8.097973e-07 2.105473e-05 3.401148e-05 2.591351e-05
2.591351e-05 3.239189e-06 5.668581e-05 2.429392e-06 4.048986e-05
3.239189e-05 4.453885e-05 5.182702e-05 4.615844e-05 2.429392e-06
5.587601e-05 9.474628e-05 3.563108e-05 3.239189e-06 9.474628e-05
4.048986e-05 3.968007e-05 3.158209e-05 1.619595e-06 4.858784e-06
4.210946e-05 3.401148e-05 0.0001020345 1.619595e-05 1.457635e-05
2.186453e-05 1.619595e-06 8.664831e-05 1.619595e-05 3.239189e-05
4.858784e-06 7.612094e-05 1.619595e-06 7.450135e-05 4.939763e-05
1.538615e-05 6.721317e-05 3.158209e-05 3.482128e-05 1.619595e-06
9.717567e-06 7.369155e-05 4.372905e-05 4.858784e-06 4.858784e-06
1.376655e-05 6.478378e-06 1.619595e-06 2.186453e-05 1.862534e-05
2.429392e-05 3.887027e-05 0.0001417145 6.964256e-05 2.91527e-05
3.644088e-05 8.097973e-07 0.0001425243 3.644088e-05 1.619595e-06
5.91152e-05 2.83429e-05 5.182702e-05 8.097973e-06 3.239189e-05
2.348412e-05 3.563108e-05 4.534865e-05 3.158209e-05 1.619595e-06
1.619595e-06 1.538615e-05 1.619595e-06 5.668581e-05 8.097973e-07
4.129966e-05 9.717567e-06 0.0002445588 3.158209e-05 3.725067e-05
3.644088e-05 2.591351e-05 2.429392e-06 8.90777e-05 2.753311e-05
2.267432e-05 8.097973e-07 6.397398e-05 2.753311e-05 2.348412e-05
3.07723e-05 4.858784e-06 2.186453e-05 2.024493e-05 1.619595e-06
5.91152e-05 2.429392e-06 8.097973e-07 1.781554e-05 0.0001174206
5.91152e-05 3.07723e-05 2.753311e-05 6.721317e-05 1.619595e-06
3.07723e-05 1.133716e-05 2.267432e-05 2.591351e-05 4.858784e-06
8.097973e-07 3.158209e-05 2.267432e-05 2.591351e-05 5.101723e-05
1.943513e-05 6.073479e-05 4.858784e-06 5.587601e-05 2.267432e-05
4.858784e-06 3.239189e-06 5.668581e-05 5.182702e-05 7.288175e-06
2.267432e-05 2.429392e-05 1.619595e-05 4.453885e-05 4.210946e-05
1.619595e-06 3.239189e-06 4.939763e-05 4.210946e-05 2.91527e-05
8.097973e-07 5.344662e-05 5.425642e-05 6.478378e-06 2.83429e-05
1.619595e-06 2.267432e-05 2.429392e-05 1.376655e-05 3.644088e-05
4.453885e-05 2.753311e-05 3.239189e-06 4.858784e-06 6.478378e-06
3.239189e-06 2.105473e-05 7.045236e-05 3.07723e-05 2.105473e-05
3.968007e-05 2.105473e-05 7.126216e-05 2.99625e-05 4.048986e-06
1.781554e-05 3.644088e-05 3.644088e-05 1.619595e-06 4.858784e-06
5.9925e-05 2.429392e-05 3.239189e-05 3.644088e-05 2.83429e-05
9.231689e-05 3.158209e-05 3.239189e-05 2.753311e-05 4.453885e-05
1.538615e-05 1.619595e-06 3.239189e-06 4.696824e-05 4.291925e-05
8.097973e-07 4.048986e-06 4.858784e-06 0.0001441439 8.097973e-07
8.178952e-05 4.291925e-05 2.672331e-05 5.668581e-06 2.348412e-05
1.619595e-06 5.668581e-05 1.376655e-05 7.288175e-06 2.105473e-05
8.097973e-07 5.668581e-06 9.474628e-05 6.478378e-06 3.320169e-05
3.968007e-05 4.615844e-05 9.312668e-05 5.668581e-05 1.619595e-06
2.429392e-05 3.401148e-05 1.781554e-05 8.097973e-06 1.619595e-06
1.052736e-05 2.672331e-05 4.696824e-05 7.612094e-05 3.644088e-05
1.781554e-05 0.00011985 2.348412e-05 2.429392e-06 2.348412e-05
2.83429e-05 1.619595e-06 3.239189e-05 8.097973e-07 4.858784e-06
2.429392e-06 8.097973e-06 1.619595e-06 1.619595e-06 4.372905e-05
3.482128e-05 5.101723e-05 1.538615e-05 5.020743e-05 4.858784e-06
1.619595e-06 3.320169e-05 2.83429e-05 8.90777e-05 8.097973e-07
4.858784e-06 4.210946e-05 1.619595e-06 2.753311e-05 7.450135e-05
2.99625e-05 1.619595e-06 2.510371e-05 2.429392e-06 8.097973e-07
2.83429e-05 2.672331e-05 1.619595e-06 4.858784e-06 5.83054e-05
3.239189e-06 4.210946e-05 5.263682e-05 1.538615e-05 1.133716e-05
3.887027e-05 4.858784e-06 9.717567e-06 6.478378e-06 2.024493e-05
6.478378e-06 3.401148e-05 8.097973e-07 2.83429e-05 8.097973e-07
1.619595e-06 4.858784e-05 2.267432e-05 8.097973e-07 6.559358e-05
2.672331e-05 3.239189e-05 1.619595e-06 5.83054e-05 3.158209e-05
6.721317e-05 3.239189e-05 3.887027e-05 8.097973e-07 6.964256e-05
1.619595e-06 2.348412e-05 1.781554e-05 3.239189e-06 3.239189e-05
3.563108e-05 2.429392e-05 2.753311e-05 1.457635e-05 9.312668e-05
2.429392e-06 8.097973e-07 2.429392e-05 3.239189e-05 3.806047e-05
4.048986e-06 8.097973e-07 1.619595e-06 3.239189e-06 2.591351e-05
3.158209e-05 5.101723e-05 3.968007e-05 3.725067e-05 2.348412e-05
1.619595e-05 4.858784e-05 2.429392e-05 2.591351e-05 3.239189e-05
3.644088e-05 6.073479e-05 2.429392e-06 4.048986e-06 8.097973e-07
4.939763e-05 4.858784e-05 6.073479e-05 1.781554e-05 6.478378e-06
1.538615e-05 8.097973e-07 4.858784e-06 4.858784e-05 1.943513e-05
1.619595e-06 8.097973e-07 3.158209e-05 1.214696e-05 2.105473e-05
1.619595e-06 3.158209e-05 7.045236e-05 3.401148e-05 2.510371e-05
2.105473e-05 2.186453e-05 4.777804e-05 8.90777e-06 7.693074e-05
2.186453e-05 4.453885e-05 2.429392e-05 3.239189e-06 3.644088e-05
2.348412e-05 8.097973e-06 3.320169e-05 5.182702e-05 4.858784e-05
4.291925e-05 6.478378e-06 3.239189e-05 2.510371e-05 8.097973e-07
4.858784e-06 5.91152e-05 2.024493e-05 1.781554e-05 8.90777e-06
5.182702e-05 8.097973e-07 1.619595e-06 4.453885e-05 2.429392e-05
2.429392e-05 3.644088e-05 2.429392e-05 2.753311e-05 4.858784e-06
1.619595e-05 3.644088e-05 6.316419e-05 3.07723e-05 4.858784e-05
4.210946e-05 1.619595e-06 1.619595e-06 2.267432e-05 1.052736e-05
1.376655e-05 2.348412e-05 2.429392e-06 2.591351e-05 6.964256e-05
3.644088e-05 8.097973e-07 4.858784e-05 3.563108e-05 1.619595e-06
4.453885e-05 8.502871e-05 5.668581e-06 3.158209e-05 1.619595e-06
2.267432e-05 6.640337e-05 3.239189e-05 6.478378e-06 9.717567e-06
3.239189e-05 9.717567e-06 3.158209e-05 5.101723e-05 6.478378e-05
5.182702e-05 3.239189e-06 2.429392e-05 1.619595e-06 4.048986e-05
2.91527e-05 3.239189e-06 6.235439e-05 4.858784e-05 3.563108e-05
9.717567e-06 3.239189e-05 8.097973e-07 8.74581e-05 4.939763e-05
1.619595e-06 8.097973e-07 8.340912e-05 2.429392e-06 5.9925e-05
2.267432e-05 4.210946e-05 8.097973e-07 3.482128e-05 1.943513e-05
8.097973e-07 4.210946e-05 8.097973e-07 1.619595e-06 3.239189e-05
0.0001020345 4.453885e-05 1.052736e-05 3.968007e-05 5.9925e-05
1.619595e-06 4.129966e-05 1.538615e-05 6.154459e-05 3.482128e-05
2.429392e-06 3.320169e-05 3.239189e-06 1.133716e-05 3.158209e-05
2.267432e-05 3.887027e-05 2.267432e-05 8.097973e-07 4.048986e-06
8.097973e-07 2.83429e-05 2.510371e-05 2.672331e-05 1.619595e-06
1.619595e-06 3.239189e-05 8.097973e-07 1.619595e-06 3.239189e-05
1.619595e-06 2.267432e-05 2.267432e-05 5.587601e-05 3.158209e-05
2.99625e-05 2.672331e-05 2.186453e-05 1.133716e-05 3.482128e-05
4.939763e-05 1.619595e-06 8.097973e-06 2.429392e-05 1.619595e-06
5.344662e-05 4.858784e-06 1.862534e-05 2.99625e-05 2.510371e-05
3.158209e-05 2.83429e-05 6.073479e-05 3.239189e-05 2.267432e-05
1.457635e-05 4.048986e-05 1.619595e-06 4.696824e-05 3.239189e-05
3.320169e-05 1.619595e-06 2.267432e-05 1.538615e-05 4.048986e-05
3.725067e-05 5.101723e-05 4.048986e-05 8.421891e-05 9.717567e-06
9.717567e-06 5.91152e-05 4.048986e-05 6.721317e-05 2.024493e-05
2.83429e-05 3.239189e-05 2.753311e-05 3.07723e-05 4.615844e-05
8.097973e-07 3.07723e-05 6.883277e-05 8.097973e-07 5.668581e-06
5.668581e-06 8.097973e-07 2.267432e-05 5.668581e-06 3.482128e-05
5.74956e-05 4.372905e-05 2.429392e-05 2.510371e-05 1.619595e-05
4.453885e-05 2.429392e-06 0.0001222794 4.048986e-05 6.721317e-05
3.725067e-05 8.74581e-05 1.133716e-05 8.90777e-06 6.316419e-05
1.619595e-06 8.097973e-07 4.858784e-06 1.619595e-06 3.644088e-05
8.097973e-07 3.644088e-05 3.239189e-05 8.340912e-05 5.668581e-06
1.619595e-06 4.453885e-05 2.672331e-05 3.239189e-05 4.048986e-06
8.097973e-07 5.344662e-05 4.858784e-05 2.591351e-05 3.401148e-05
2.348412e-05 9.231689e-05 3.158209e-05 1.619595e-06 6.721317e-05
4.858784e-05 2.429392e-05 4.129966e-05 2.348412e-05 3.401148e-05
2.83429e-05 4.858784e-06 8.097973e-07 2.91527e-05 2.348412e-05
3.239189e-06 5.506621e-05 3.07723e-05 3.968007e-05 2.83429e-05
2.83429e-05 2.267432e-05 4.534865e-05 4.372905e-05 3.158209e-05
5.020743e-05 3.239189e-06 3.239189e-05 3.239189e-06 3.968007e-05
4.696824e-05 3.968007e-05 7.450135e-05 4.048986e-06 0.0001166108
2.429392e-05 3.563108e-05 4.048986e-05 8.664831e-05 3.239189e-05
3.806047e-05 4.129966e-05 2.105473e-05 2.105473e-05 2.348412e-05
8.097973e-07 2.429392e-05 5.425642e-05 2.024493e-05 1.376655e-05
2.267432e-05 2.429392e-05 4.858784e-06 4.858784e-06 3.158209e-05
3.563108e-05 3.806047e-05 6.397398e-05 4.858784e-06 2.591351e-05
2.83429e-05 1.619595e-06 0.0002745213 2.186453e-05 2.753311e-05
1.781554e-05 3.239189e-05 2.83429e-05 1.619595e-06 5.587601e-05
2.429392e-06 1.619595e-05 5.101723e-05 4.291925e-05 1.700574e-05
5.74956e-05 3.887027e-05 2.753311e-05 1.619595e-06 4.777804e-05
1.619595e-06 3.563108e-05 3.239189e-05 1.619595e-06 4.858784e-05
3.239189e-05 8.90777e-06 2.99625e-05 3.401148e-05 7.855033e-05
4.615844e-05 3.239189e-05 3.806047e-05 3.158209e-05 3.806047e-05
4.777804e-05 3.401148e-05 5.263682e-05 2.429392e-06 0.0001206598
2.510371e-05 3.239189e-05 8.097973e-07 2.348412e-05 6.154459e-05
1.619595e-06 4.777804e-05 6.883277e-05 2.99625e-05 6.397398e-05
0.0002178355 9.555608e-05 0.0001692476 2.429392e-05 0.0001984003
4.939763e-05 4.453885e-05 3.563108e-05 2.429392e-05 5.425642e-05
3.644088e-05 3.158209e-05 4.696824e-05 5.344662e-05 4.372905e-05
2.105473e-05 3.239189e-06 8.097973e-07 3.320169e-05 2.267432e-05
3.644088e-05 7.531114e-05 3.401148e-05 3.887027e-05 3.401148e-05
3.158209e-05 2.83429e-05 0.0002170257 2.429392e-05 2.429392e-06
3.644088e-05 1.619595e-05 6.883277e-05 2.91527e-05 5.74956e-05
4.453885e-05 2.83429e-05 8.097973e-07 8.097973e-07 4.453885e-05
