modularity = 0.8227346
No of communities=1752 Number of edges=1234877
Number of intercommunity edges = 5375
Cluster with highest closeness and betweenness = 7
> sort(sizes(fc))
Community sizes
 1747  1748  1749  1750  1751  1752  1655  1672  1673  1724  1735  1736  1738 
    3     3     3     3     3     3     4     4     4     4     4     4     4 
 1739  1742  1745  1746   593   767   869  1060  1212  1405  1479  1480  1503 
    4     4     4     4     5     5     5     5     5     5     5     5     5 
 1508  1520  1525  1526  1529  1565  1567  1571  1572  1573  1574  1575  1577 
    5     5     5     5     5     5     5     5     5     5     5     5     5 
 1581  1625  1648  1662  1670  1686  1687  1710  1719  1720  1721  1734   320 
    5     5     5     5     5     5     5     5     5     5     5     5     6 
  328   332   338   369   370   425   505   517   637   658   677   678   692 
    6     6     6     6     6     6     6     6     6     6     6     6     6 
  703   709   711   736   748   751   763   766   777   780   782   786   790 
    6     6     6     6     6     6     6     6     6     6     6     6     6 
  816   824   833   838   841   853   854   856   859   862   873   886   897 
    6     6     6     6     6     6     6     6     6     6     6     6     6 
  909   911   916   931   938   939   947   951   954   957   963   968   975 
    6     6     6     6     6     6     6     6     6     6     6     6     6 
  976   981   987   992   996   999  1000  1001  1005  1008  1017  1024  1030 
    6     6     6     6     6     6     6     6     6     6     6     6     6 
 1038  1039  1040  1043  1046  1047  1057  1069  1074  1079  1083  1094  1103 
    6     6     6     6     6     6     6     6     6     6     6     6     6 
 1104  1105  1112  1118  1135  1137  1138  1142  1148  1155  1156  1163  1180 
    6     6     6     6     6     6     6     6     6     6     6     6     6 
 1181  1185  1187  1195  1201  1204  1206  1210  1215  1220  1224  1225  1230 
    6     6     6     6     6     6     6     6     6     6     6     6     6 
 1234  1236  1237  1247  1251  1252  1257  1260  1265  1266  1268  1274  1277 
    6     6     6     6     6     6     6     6     6     6     6     6     6 
 1289  1299  1306  1307  1317  1326  1329  1330  1342  1345  1347  1349  1350 
    6     6     6     6     6     6     6     6     6     6     6     6     6 
 1351  1354  1362  1366  1368  1370  1375  1376  1381  1394  1402  1406  1410 
    6     6     6     6     6     6     6     6     6     6     6     6     6 
 1411  1413  1414  1423  1435  1436  1440  1445  1447  1473  1494  1517  1556 
    6     6     6     6     6     6     6     6     6     6     6     6     6 
 1568  1590  1593  1628  1631  1632  1643  1656  1659  1666  1697  1700  1714 
    6     6     6     6     6     6     6     6     6     6     6     6     6 
 1730  1732  1740   324   329   347   365   375   377   379   382   383   391 
    6     6     6     7     7     7     7     7     7     7     7     7     7 
  393   394   402   409   413   414   416   422   424   431   437   438   440 
    7     7     7     7     7     7     7     7     7     7     7     7     7 
  441   443   444   446   447   449   453   454   458   467   471   473   479 
    7     7     7     7     7     7     7     7     7     7     7     7     7 
  487   488   489   490   492   495   496   499   500   503   511   512   516 
    7     7     7     7     7     7     7     7     7     7     7     7     7 
  518   519   521   526   528   538   545   546   547   552   554   560   561 
    7     7     7     7     7     7     7     7     7     7     7     7     7 
  564   565   573   575   578   579   582   583   590   591   598   599   603 
    7     7     7     7     7     7     7     7     7     7     7     7     7 
  604   605   610   612   617   619   621   622   624   625   627   628   629 
    7     7     7     7     7     7     7     7     7     7     7     7     7 
  631   646   647   662   663   689   715   717   720   723   734   737   746 
    7     7     7     7     7     7     7     7     7     7     7     7     7 
  752   754   757   760   765   775   787   794   804   826   830   847   848 
    7     7     7     7     7     7     7     7     7     7     7     7     7 
  864   867   877   881   883   887   892   893   894   903   905   908   910 
    7     7     7     7     7     7     7     7     7     7     7     7     7 
  919   923   926   949   983   984  1006  1014  1020  1023  1027  1050  1052 
    7     7     7     7     7     7     7     7     7     7     7     7     7 
 1055  1085  1090  1107  1161  1177  1184  1214  1250  1259  1261  1280  1282 
    7     7     7     7     7     7     7     7     7     7     7     7     7 
 1298  1303  1304  1305  1313  1318  1325  1336  1343  1352  1359  1380  1395 
    7     7     7     7     7     7     7     7     7     7     7     7     7 
 1403  1404  1409  1419  1433  1439  1455  1458  1460  1482  1489  1493  1511 
    7     7     7     7     7     7     7     7     7     7     7     7     7 
 1514  1521  1523  1531  1536  1540  1542  1545  1546  1547  1548  1561  1578 
    7     7     7     7     7     7     7     7     7     7     7     7     7 
 1594  1611  1613  1622  1634  1645  1690  1715  1723  1743   308   318   326 
    7     7     7     7     7     7     7     7     7     7     8     8     8 
  327   330   335   336   340   344   349   351   352   354   358   361   363 
    8     8     8     8     8     8     8     8     8     8     8     8     8 
  367   368   373   388   389   392   399   401   415   419   427   428   429 
    8     8     8     8     8     8     8     8     8     8     8     8     8 
  430   435   442   445   455   468   475   480   482   485   491   506   515 
    8     8     8     8     8     8     8     8     8     8     8     8     8 
  520   522   530   534   536   537   540   548   557   569   576   597   614 
    8     8     8     8     8     8     8     8     8     8     8     8     8 
  630   640   642   644   648   652   668   681   684   685   690   694   698 
    8     8     8     8     8     8     8     8     8     8     8     8     8 
  701   702   704   705   707   708   710   714   719   730   741   749   793 
    8     8     8     8     8     8     8     8     8     8     8     8     8 
  796   797   803   807   810   815   829   843   849   888   921   922   928 
    8     8     8     8     8     8     8     8     8     8     8     8     8 
  932   933   937   940   942   943   945   959   961   966   986   994  1003 
    8     8     8     8     8     8     8     8     8     8     8     8     8 
 1025  1042  1067  1086  1088  1098  1100  1136  1158  1165  1174  1186  1188 
    8     8     8     8     8     8     8     8     8     8     8     8     8 
 1193  1209  1249  1255  1286  1292  1294  1312  1321  1344  1348  1360  1365 
    8     8     8     8     8     8     8     8     8     8     8     8     8 
 1378  1416  1459  1477  1502  1513  1518  1519  1524  1535  1539  1541  1551 
    8     8     8     8     8     8     8     8     8     8     8     8     8 
 1552  1564  1569  1583  1602  1612  1619  1621  1638  1639  1640  1646  1652 
    8     8     8     8     8     8     8     8     8     8     8     8     8 
 1657  1658  1676  1683  1689  1703  1716  1725   295   319   322   323   342 
    8     8     8     8     8     8     8     8     9     9     9     9     9 
  345   355   359   371   376   381   390   395   398   403   406   417   420 
    9     9     9     9     9     9     9     9     9     9     9     9     9 
  421   426   432   433   451   460   462   466   469   472   477   494   497 
    9     9     9     9     9     9     9     9     9     9     9     9     9 
  498   501   509   529   533   550   553   555   562   563   574   577   586 
    9     9     9     9     9     9     9     9     9     9     9     9     9 
  587   594   611   636   639   649   655   660   666   671   672   674   675 
    9     9     9     9     9     9     9     9     9     9     9     9     9 
  679   683   687   688   725   744   770   792   801   813   819   827   828 
    9     9     9     9     9     9     9     9     9     9     9     9     9 
  837   839   846   855   874   875   878   900   918   925   934   941   944 
    9     9     9     9     9     9     9     9     9     9     9     9     9 
  946   950   962   971   973   982  1002  1009  1028  1031  1032  1034  1041 
    9     9     9     9     9     9     9     9     9     9     9     9     9 
 1049  1064  1073  1075  1095  1113  1139  1149  1162  1169  1173  1182  1194 
    9     9     9     9     9     9     9     9     9     9     9     9     9 
 1197  1200  1208  1217  1222  1223  1241  1248  1269  1278  1319  1355  1363 
    9     9     9     9     9     9     9     9     9     9     9     9     9 
 1372  1384  1387  1389  1421  1437  1449  1450  1472  1476  1498  1515  1537 
    9     9     9     9     9     9     9     9     9     9     9     9     9 
 1544  1580  1601  1629  1641  1660  1661  1664  1713  1718   309   313   350 
    9     9     9     9     9     9     9     9     9     9    10    10    10 
  357   378   380   404   410   411   412   418   434   436   439   456   464 
   10    10    10    10    10    10    10    10    10    10    10    10    10 
  465   474   483   504   507   541   549   556   559   616   623   626   632 
   10    10    10    10    10    10    10    10    10    10    10    10    10 
  651   664   680   686   712   729   739   747   764   769   774   802   811 
   10    10    10    10    10    10    10    10    10    10    10    10    10 
  850   870   871   913   914   920   964   988   991   993   997  1033  1072 
   10    10    10    10    10    10    10    10    10    10    10    10    10 
 1106  1121  1122  1128  1132  1134  1150  1152  1164  1178  1198  1216  1235 
   10    10    10    10    10    10    10    10    10    10    10    10    10 
 1238  1245  1246  1253  1272  1285  1339  1356  1398  1428  1457  1461  1474 
   10    10    10    10    10    10    10    10    10    10    10    10    10 
 1487  1500  1522  1533  1570  1597  1604  1615  1616  1624  1627  1644  1649 
   10    10    10    10    10    10    10    10    10    10    10    10    10 
 1653  1680  1682  1688  1691  1692  1701  1709  1727  1741   285   294   298 
   10    10    10    10    10    10    10    10    10    10    11    11    11 
  304   321   331   333   374   463   502   523   524   531   539   571   580 
   11    11    11    11    11    11    11    11    11    11    11    11    11 
  585   607   633   634   641   661   665   697   699   706   713   735   743 
   11    11    11    11    11    11    11    11    11    11    11    11    11 
  755   800   805   823   834   835   840   896   902   904   915   956   967 
   11    11    11    11    11    11    11    11    11    11    11    11    11 
  978   989   990  1011  1012  1036  1076  1078  1082  1108  1120  1129  1130 
   11    11    11    11    11    11    11    11    11    11    11    11    11 
 1133  1140  1145  1166  1171  1176  1189  1240  1262  1276  1291  1297  1308 
   11    11    11    11    11    11    11    11    11    11    11    11    11 
 1324  1341  1358  1364  1382  1417  1418  1426  1442  1483  1485  1486  1506 
   11    11    11    11    11    11    11    11    11    11    11    11    11 
 1516  1530  1532  1538  1550  1554  1557  1558  1608  1618  1704  1712  1726 
   11    11    11    11    11    11    11    11    11    11    11    11    11 
 1729  1731   267   276   281   289   291   292   301   306   312   317   325 
   11    11    12    12    12    12    12    12    12    12    12    12    12 
  346   360   366   450   461   470   481   493   510   513   532   567   572 
   12    12    12    12    12    12    12    12    12    12    12    12    12 
  596   601   606   657   700   728   738   756   758   772   785   788   791 
   12    12    12    12    12    12    12    12    12    12    12    12    12 
  817   820   822   832   842   857   861   863   879   880   907   952  1037 
   12    12    12    12    12    12    12    12    12    12    12    12    12 
 1045  1056  1091  1097  1111  1125  1147  1157  1175  1190  1199  1211  1226 
   12    12    12    12    12    12    12    12    12    12    12    12    12 
 1239  1254  1256  1273  1311  1334  1337  1383  1408  1412  1427  1430  1431 
   12    12    12    12    12    12    12    12    12    12    12    12    12 
 1495  1505  1507  1510  1543  1553  1579  1584  1587  1588  1592  1609  1623 
   12    12    12    12    12    12    12    12    12    12    12    12    12 
 1635  1647  1651  1663  1675  1685  1699  1717  1733  1737   258   264   270 
   12    12    12    12    12    12    12    12    12    12    13    13    13 
  282   297   384   407   459   484   527   566   600   696   761   778   779 
   13    13    13    13    13    13    13    13    13    13    13    13    13 
  789   852   889   930   953   965   972  1007  1066  1101  1114  1160  1168 
   13    13    13    13    13    13    13    13    13    13    13    13    13 
 1221  1228  1244  1263  1302  1310  1316  1333  1346  1391  1444  1446  1471 
   13    13    13    13    13    13    13    13    13    13    13    13    13 
 1492  1527  1555  1576  1589  1591  1596  1600  1605  1636  1642  1650  1654 
   13    13    13    13    13    13    13    13    13    13    13    13    13 
 1706  1707  1708   253   255   261   293   303   307   334   396   486   584 
   13    13    13    14    14    14    14    14    14    14    14    14    14 
  609   645   656   673   727   750   759   762   798   825   836   851   895 
   14    14    14    14    14    14    14    14    14    14    14    14    14 
  906   927   929   985   995  1015  1019  1089  1093  1110  1141  1154  1229 
   14    14    14    14    14    14    14    14    14    14    14    14    14 
 1340  1367  1369  1377  1379  1392  1400  1407  1415  1432  1434  1451  1465 
   14    14    14    14    14    14    14    14    14    14    14    14    14 
 1470  1484  1497  1509  1528  1559  1566  1607  1626  1633  1637  1671  1728 
   14    14    14    14    14    14    14    14    14    14    14    14    14 
  243   244   247   248   252   257   265   286   287   305   316   337   408 
   15    15    15    15    15    15    15    15    15    15    15    15    15 
  423   543   595   638   724   771   799   806   808   809   868   890   912 
   15    15    15    15    15    15    15    15    15    15    15    15    15 
 1026  1063  1143  1183  1202  1279  1283  1293  1300  1327  1390  1429  1468 
   15    15    15    15    15    15    15    15    15    15    15    15    15 
 1469  1481  1563  1585  1617  1674  1694   232   237   240   241   250   274 
   15    15    15    15    15    15    15    16    16    16    16    16    16 
  300   310   339   343   551   570   615   618   654   716   732   768   795 
   16    16    16    16    16    16    16    16    16    16    16    16    16 
  844   876   898   924  1010  1044  1077  1179  1191  1192  1196  1207  1264 
   16    16    16    16    16    16    16    16    16    16    16    16    16 
 1271  1288  1320  1328  1397  1425  1443  1478  1501  1582  1595  1603  1620 
   16    16    16    16    16    16    16    16    16    16    16    16    16 
 1630  1667  1668  1679  1681  1693   229   242   254   269   397   448   650 
   16    16    16    16    16    16    17    17    17    17    17    17    17 
  659   667   726   970  1004  1051  1053  1151  1159  1258  1267  1296  1314 
   17    17    17    17    17    17    17    17    17    17    17    17    17 
 1323  1338  1357  1388  1438  1453  1456  1491  1504  1549  1560  1678  1695 
   17    17    17    17    17    17    17    17    17    17    17    17    17 
  234   246   256   263   266   476   592   753   773   998  1059  1123  1153 
   18    18    18    18    18    18    18    18    18    18    18    18    18 
 1167  1203  1242  1270  1401  1448  1463  1466  1534  1698   220   224   239 
   18    18    18    18    18    18    18    18    18    18    19    19    19 
  249   277   279   284   362   385   405   568   588   669   691   740   742 
   19    19    19    19    19    19    19    19    19    19    19    19    19 
  818   884   960  1068  1084  1092  1117  1287  1374  1454  1499  1599   208 
   19    19    19    19    19    19    19    19    19    19    19    19    20 
  213   215   223   226   238   283   288   290   400   635   682   718   745 
   20    20    20    20    20    20    20    20    20    20    20    20    20 
  781   866   901   935   974  1035  1054  1058  1205  1232  1233  1335  1393 
   20    20    20    20    20    20    20    20    20    20    20    20    20 
  216   218   225   233   259   268   348   387   478   581   784   845  1016 
   21    21    21    21    21    21    21    21    21    21    21    21    21 
 1080  1087  1099  1124  1227  1243  1284  1371  1396  1464  1475  1610  1722 
   21    21    21    21    21    21    21    21    21    21    21    21    21 
  185   198   201   203   221   235   273   608   670   693   695   776   936 
   22    22    22    22    22    22    22    22    22    22    22    22    22 
  980  1109  1290  1373  1386  1399  1462   195   210   212   214   217   227 
   22    22    22    22    22    22    22    23    23    23    23    23    23 
  452   602   653   958   969  1096  1119  1144  1172  1361  1422  1562  1702 
   23    23    23    23    23    23    23    23    23    23    23    23    23 
  178   188   196   197   209   231   302   457   882  1231  1315  1424  1490 
   24    24    24    24    24    24    24    24    24    24    24    24    24 
  175   280   299   676   731   733   872   977  1146  1281  1586  1677  1744 
   25    25    25    25    25    25    25    25    25    25    25    25    25 
  167   169   179   186   199   204   222   314   514   858   885   917  1070 
   26    26    26    26    26    26    26    26    26    26    26    26    26 
 1684   173   177   181   182   189   200   251   260   315   372   891   164 
   26    27    27    27    27    27    27    27    27    27    27    27    28 
  166   183   184   187   190   508   535   613   860   948  1614  1705   159 
   28    28    28    28    28    28    28    28    28    28    28    28    29 
  163  1696   147   160   162   174   205   207   228   722   899   955  1029 
   29    29    30    30    30    30    30    30    30    30    30    30    30 
 1331  1420  1467  1711   158   176   206   311  1061  1213  1606   156   544 
   30    30    30    30    31    31    31    31    31    31    31    32    32 
  812   814  1022  1126   137   142   155   161   192   194   278   353  1115 
   32    32    32    32    33    33    33    33    33    33    33    33    33 
 1219  1332  1496   140   144   157   165   170   171   180   272  1170  1322 
   33    33    33    34    34    34    34    34    34    34    34    34    34 
 1512   143   356   589   783   865   134   525  1127  1275   141   151   172 
   34    35    35    35    35    35    36    36    36    36    37    37    37 
 1102  1452  1669   125   139   150   154   542   558  1062  1385   130   643 
   37    37    37    38    38    38    38    38    38    38    38    39    39 
  821   127   128   148   230  1131   129   133   386  1218   120   153   262 
   39    40    40    41    41    41    42    42    42    42    43    43    43 
  271  1071   138   979  1048  1598   118   119   126   135  1441   149   191 
   43    43    44    44    44    44    45    45    45    45    45    46    46 
  115   123   146   620   132   364  1488   113   122   106   168  1013   105 
   47    47    47    47    48    48    48    51    51    52    52    52    53 
 1353   107   111   124   152   236  1301   104  1116   102   108   110   116 
   53    54    54    54    54    54    54    55    56    57    57    57    57 
  202   341   136   296   721  1081    98  1021  1309  1295   101   109    99 
   57    57    60    60    60    60    61    61    61    62    63    63    67 
  121  1665   117   114    97   245   219    87   275   112    95   145   131 
   68    68    73    75    77    78    79    80    82    83    84    84    85 
   91   103    90    88    84   831    92  1065    86    80    78    94    76 
   86    88    90    93    94   101   102   104   105   109   115   115   123 
   93  1018    75    82    81    74   100    73    72   211    69    85    89 
  130   130   138   138   140   141   141   144   146   154   159   164   169 
   71    66    64    68    63    96    67    65    58    70    50    60    59 
  170   173   175   188   190   192   200   206   207   212   223   227   239 
   83    62    79    53    57    54    37    46    41    61    34    36    33 
  243   244   244   251   251   270   272   282   283   285   294   298   299 
   40    77    31    28    38    32    51    19    23    12   193    18    35 
  312   314   319   323   329   340   341   360   367   375   378   401   402 
   16     1    45    17    10    47    49     6    27    44    20    48    56 
  417   421   423   434   440   469   475   480   503   522   529   546   562 
   42    55    52    26    22    24    25    29    21     4    43    30    39 
  574   603   678   726   728   858   901   973   982   985   994  1103  1227 
    5    15    14    13    11     8     3     9     7     2 
 1519  1549  1705  1991 12032 26817 28601 37020 45469 50164 