50 51 52 53 54
65 67 68 85 117
118 132 133 140 144
148 158 159 161 164
165 166 167 190 191
192 193 194 195 196
197 198 199 214 215
227 230 231 232 233
234 235 236 244 245
246 247 285 286 287
296 305 306 307 312
313 314 315 316 330
341 342 343 344 345
346 347 348 349 356
368 380 381 382 397
398 399 413 417 446
453 461 472 479 480
481 504 505 506 508
519 529 530 531 535
552 557 558 559 560
564 573 574 575 582
583 587 588 595 597
602 603 610 612 613
614 622 631 633 643
647 675 676 677 688
696 697 698 699 700
701 733 763 764 768
778 785 786 787 791
799 800 808 809 814
815 818 837 838 839
843 874 875 876 877
882 884 886 891 897
898 899 900 901 902
903 904 905 906 907
912 913 914 925 932
933 934 939 940 941
942 947 948 949 950
953 954 955 956 957
958 961 974 975 990
995 996 997 1006 1014
1022 1023 1054 1068 1089
1117 1118 1119 1120 1134
1135 1136 1139 1142 1143
1176 1191 1192 1193 1194
1219 1220 1221 1232 1233
1237 1258 1267 1268 1269
1270 1278 1281 1282 1289
1290 1291 1338 1352 1354
1359 1373 1375 1463 1476
1479 1498 1508 1515 1519
1520 1521 1528 1540 1541
1542 1543 1544 1545 1546
1570 1572 1577 1578 1584
1589 1590 1591 1595 1611
1615 1616 1624 1625 1626
1630 1642 1644 1645 1649
1665 1693 1694 1695 1709
1711 1713 1714 1716 1717
1718 1719 1740 1741 1752
1753 1756 1757 1760 1766
1780 1781 1797 1798 1799
1800 1801 1802 1821 1822
1824 1825 1826 1827 1832
1837 1838 1839 1853 1855
1856 1866 1868 1871 1872
1873 1882 1883 1885 1889
1890 1891 1892 1896 1903
1905 1924 1925 1927 1942
1943 1944 1945 1950 1973
1974 1975 1977 1978 1979
1980 1981 1982 1983 1984
1987 1988 1989 1993 1995
1996 2026 2027 2060 2061
2062 2068 2069 2070 2071
2075 2076 2077 2098 2099
2107 2108 2109 2112 2113
2114 2120 2128 2142 2154
2182 2186 2187 2190 2191
2193 2212 2215 2216 2217
2218 2226 2227 2233 2246
2247 2248 2252 2255 2263
2264 2265 2268 2273 2274
2292 2294 2301 2302 2303
2304 2305 2306 2307 2314
2318 2319 2322 2324 2339
2340 2347 2348 2349 2350
2359 2366 2367 2368 2369
2376 2390 2391 2393 2395
2396 2401 2412 2413 2414
2415 2418 2434 2435 2436
2445 2450 2451 2464 2476
2477 2494 2518 2519 2520
2521 2524 2543 2545 2561
2569 2570 2571 2572 2587
2590 2591 2592 2593 2594
2612 2613 2614 2652 2678
2687 2690 2694 2695 2713
2720 2721 2723 2726 2727
2739 2740 2741 2742 2743
2753 2758 2759 2766 2769
2770 2771 2798 2799 2801
2807 2808 2816 2824 2826
2832 2833 2835 2837 2838
2845 2859 2867 2871 2872
2878 2879 2883 2886 2887
2893 2894 2895 2900 2906
2908 2913 2916 2949 2950
2957 2962 2963 2964 2965
2966 2974 2982 2993 3010
3025 3036 3037 3054 3059
3061 3062 3063 3077 3078
3079 3090 3091 3143 3151
3152 3168 3172 3184 3203
3204 3211 3212 3261 3265
3266 3267 3270 3276 3283
3284 3285 3316 3345 3346
3347 3348 3349 3363 3364
3380 3388 3403 3421 3422
3463 3464 3465 3466 3467
3475 3498 3503 3504 3506
3508 3509 3516 3523 3524
3526 3527 3528 3531 3532
3536 3537 3542 3587 3588
3589 3601 3602 3603 3606
3619 3624 3625 3626 3627
3646 3662 3663 3664 3668
3675 3688 3689 3693 3705
3711 3712 3718 3719 3720
3722 3723 3724 3726 3727
3734 3743 3747 3749 3758
3759 3760 3761 3762 3779
3785 3786 3787 3788 3799
3803 3817 3818 3820 3821
3828 3829 3830 3831 3832
3837 3844 3853 3855 3856
3878 3886 3887 3888 3902
3913 3914 3915 3930 3934
3935 3940 3941 3944 3945
3948 3949 3950 3958 3959
3963 3969 3970 3986 3992
3994 3995 4043 4053 4054
4055 4056 4063 4082 4083
4084 4093 4095 4096 4097
4114 4115 4117 4124 4125
4127 4134 4135 4136 4145
4152 4153 4161 4162 4163
4164 4165 4167 4168 4190
4193 4194 4200 4202 4234
4235 4236 4243 4244 4256
4261 4276 4277 4278 4281
4298 4317 4332 4337 4338
4339 4340 4353 4379 4387
4388 4390 4429 4439 4462
4472 4473 4474 4486 4492
4493 4494 4495 4496 4499
4500 4501 4510 4525 4546
4554 4555 4556 4557 4575
4576 4577 4580 4585 4586
4587 4588 4590 4608 4609
4610 4613 4614 4624 4656
4657 4658 4659 4660 4661
4662 4667 4668 4669 4671
4672 4675 4686 4687 4688
4689 4690 4696 4718 4730
4731 4732 4739 4773 4777
4783 4784 4785 4786 4787
4792 4793 4823 4827 4845
4853 4866 4868 4884 4885
4886 4892 4893 4894 4907
4912 4913 4915 4935 4937
4947 4948 4953 4954 4955
4965 4983 5008 5010 5011
5017 5020 5021 5022 5039
5044 5052 5073 5076 5077
5080 5111 5119 5120 5153
5159 5160 5161 5166 5167
5168 5169 5181 5184 5198
5199 5217 5218 5250 5251
5252 5253 5289 5290 5305
5306 5323 5329 5330 5333
5338 5376 5377 5378 5380
5381 5386 5392 5410 5411
5412 5413 5414 5417 5418
5439 5440 5444 5445 5446
5447 5454 5456 5460 5461
5464 5467 5468 5475 5477
5479 5485 5503 5506 5515
5517 5521 5532 5535 5536
5538 5539 5567 5598 5603
5604 5605 5610 5615 5641
5642 5644 5653 5654 5655
5662 5679 5680 5684 5685
5691 5697 5699 5705 5708
5712 5714 5752 5754 5755
5761 5762 5772 5791 5794
5808 5809 5810 5812 5813
5817 5819 5823 5824 5825
5826 5849 5854 5859 5862
5874 5875 5876 5888 5896
5905 5916 5929 5937 5944
5945 5952 5954 5962 5969
6002 6003 6004 6005 6006
6008 6009 6014 6015 6016
6041 6043 6060 6061 6077
6082 6084 6088 6090 6099
6100 6101 6140 6149 6163
6164 6165 6171 6173 6176
6177 6178 6197 6200 6207
6208 6209 6219 6224 6243
6244 6245 6265 6284 6285
6286 6295 6296 6297 6298
6307 6311 6312 6328 6329
6330 6338 6350 6364 6372
6374 6383 6399 6400 6401
6412 6417 6418 6422 6439
6445 6462 6484 6485 6486
6499 6500 6505 6516 6517
6518 6524 6537 6546 6547
6555 6582 6583 6588 6589
6609 6627 6670 6672 6675
6680 6719 6731 6755 6756
6760 6778 6789 6794 6814
6815 6820 6821 6832 6834
6856 6901 6906 6908 6912
6913 6915 6916 6921 6922
6923 6924 6929 6931 6936
6937 6938 6970 6971 6972
6986 7016 7056 7057 7059
7066 7072 7073 7074 7094
7104 7118 7122 7133 7139
7140 7160 7174 7175 7176
7179 7180 7189 7190 7196
7197 7200 7201 7202 7203
7215 7217 7283 7285 7286
7313 7320 7323 7324 7325
7338 7357 7365 7372 7375
7405 7406 7419 7442 7451
7468 7476 7477 7485 7500
7501 7506 7507 7508 7515
7516 7530 7545 7552 7553
7554 7566 7567 7571 7572
7573 7580 7581 7582 7594
7607 7610 7615 7616 7617
7645 7655 7659 7679 7680
7683 7684 7694 7695 7708
7709 7710 7711 7731 7749
7750 7773 7774 7775 7789
7794 7803 7804 7818 7820
7821 7822 7829 7849 7858
7859 7860 7866 7882 7885
7886 7889 7890 7892 7893
7894 7904 7915 7916 7924
7925 7926 7947 7958 7984
7988 7989 7996 8015 8050
8054 8055 8057 8058 8065
8066 8067 8079 8080 8082
8087 8099 8108 8115 8120
8121 8135 8136 8139 8144
8145 8146 8148 8149 8152
8156 8157 8177 8178 8182
8183 8187 8190 8191 8201
8202 8247 8269 8280 8281
8287 8302 8303 8304 8308
8318 8319 8320 8322 8323
8324 8328 8339 8374 8379
8390 8393 8394 8432 8466
8504 8507 8514 8530 8531
8532 8533 8534 8554 8555
8556 8557 8558 8559 8564
8589 8590 8591 8595 8597
8601 8681 8699 8714 8715
8720 8727 8728 8732 8736
8751 8764 8765 8766 8772
8778 8779 8792 8806 8807
8808 8812 8813 8838 8839
8854 8896 8897 8918 8919
8923 8926 8935 8946 8958
8965 8972 8981 8982 8992
9007 9008 9009 9016 9017
9044 9059 9061 9071 9082
9083 9098 9099 9100 9101
9110 9114 9121 9122 9137
9140 9151 9162 9175 9176
9193 9205 9207 9208 9219
9220 9221 9222 9229 9237
9247 9283 9284 9300 9301
9304 9305 9311 9313 9314
9328 9329 9330 9342 9343
9370 9388 9389 9400 9401
9402 9428 9429 9430 9431
9452 9485 9490 9491 9503
9535 9544 9553 9554 9562
9563 9566 9574 9581 9582
9586 9590 9593 9595 9603
9612 9614 9615 9617 9618
9621 9622 9633 9646 9647
9659 9660 9661 9671 9672
9674 9676 9687 9732 9733
9734 9739 9740 9759 9760
9761 9762 9771 9774 9775
9777 9783 9801 9822 9823
9835 9840 9870 9873 9875
9877 9894 9895 9896 9897
9913 9915 9916 9923 9924
9933 9935 9950 9951 9957
9958 9964 9965 9977 9978
9979 9982 9984 9986 9990
9991 10004 10013 10014 10020
10038 10039 10050 10060 10062
10063 10084 10093 10106 10107
10108 10116 10125 10126 10140
10144 10145 10146 10152 10159
10160 10180 10182 10194 10198
10200 10208 10215 10222 10234
10255 10256 10257 10276 10289
10296 10301 10306 10313 10314
10335 10336 10337 10338 10345
10356 10370 10375 10382 10383
10386 10387 10408 10423 10424
10425 10426 10432 10433 10441
10453 10461 10462 10467 10468
10478 10482 10502 10514 10515
10516 10526 10533 10554 10557
10558 10559 10591 10592 10601
10604 10605 10625 10634 10644
10646 10658 10682 10720 10748
10755 10756 10757 10782 10796
10806 10807 10808 10810 10811
10813 10836 10837 10842 10911
10930 10936 10954 10962 10963
10966 10967 10977 10978 11016
11018 11039 11040 11054 11060
11061 11064 11071 11073 11080
11097 11119 11120 11126 11127
11131 11136 11137 11152 11153
11174 11175 11176 11177 11178
11179 11189 11190 11191 11210
11250 11252 11257 11275 11276
11302 11303 11324 11325 11327
11329 11330 11331 11333 11336
11353 11354 11385 11386 11387
11389 11397 11398 11411 11413
11416 11418 11420 11426 11427
11435 11440 11446 11447 11470
11471 11473 11495 11496 11499
11526 11536 11543 11552 11567
11568 11589 11590 11603 11607
11619 11628 11633 11634 11648
11650 11653 11658 11665 11671
11716 11736 11742 11765 11770
11792 11793 11812 11830 11841
11852 11855 11856 11874 11881
11898 11899 11905 11906 11907
11916 11933 11934 11935 11950
11960 11966 11974 11975 11976
11995 11997 12009
