860 communities
Modularity = 0.76
> sort(sizes(lp11))
Community sizes
161 289 386 390 392 451 456 468 493 510 621 673 675 688 695 708 722 746 750 768 
  3   3   3   3   3   3   3   3   3   3   3   3   3   3   3   3   3   3   3   3 
775 780 790 804 807 814 840 852 155 178 186 197 204 253 268 362 371 412 417 420 
  3   3   3   3   3   3   3   3   4   4   4   4   4   4   4   4   4   4   4   4 
428 435 437 458 459 470 495 520 526 528 546 581 601 610 612 619 635 643 657 658 
  4   4   4   4   4   4   4   4   4   4   4   4   4   4   4   4   4   4   4   4 
660 685 703 716 736 741 747 749 754 755 757 758 765 767 792 794 796 797 806 812 
  4   4   4   4   4   4   4   4   4   4   4   4   4   4   4   4   4   4   4   4 
820 825 827 833 836 837 844 850 854  21  52  71  96  98 116 123 187 198 200 223 
  4   4   4   4   4   4   4   4   4   5   5   5   5   5   5   5   5   5   5   5 
229 238 269 294 296 312 318 323 358 401 416 421 429 438 443 462 473 481 487 491 
  5   5   5   5   5   5   5   5   5   5   5   5   5   5   5   5   5   5   5   5 
499 501 522 529 541 565 585 594 607 625 651 659 672 680 682 683 696 704 706 718 
  5   5   5   5   5   5   5   5   5   5   5   5   5   5   5   5   5   5   5   5 
727 731 734 735 738 743 748 751 756 770 772 776 782 784 786 787 788 793 801 802 
  5   5   5   5   5   5   5   5   5   5   5   5   5   5   5   5   5   5   5   5 
805 816 818 822 826 829 846   6  14  80  92  95 100 140 206 209 276 288 311 331 
  5   5   5   5   5   5   5   6   6   6   6   6   6   6   6   6   6   6   6   6 
339 345 361 372 377 384 385 404 434 441 449 454 486 507 508 509 524 532 535 537 
  6   6   6   6   6   6   6   6   6   6   6   6   6   6   6   6   6   6   6   6 
538 547 550 577 583 584 596 605 614 618 624 626 638 645 649 652 655 661 665 681 
  6   6   6   6   6   6   6   6   6   6   6   6   6   6   6   6   6   6   6   6 
689 690 700 705 714 732 733 740 777 781 783 791 803 813 819 821 828 830 835 843 
  6   6   6   6   6   6   6   6   6   6   6   6   6   6   6   6   6   6   6   6 
845 847 857 859  17  40  91  99 107 117 122 162 189 192 212 227 244 251 273 282 
  6   6   6   6   7   7   7   7   7   7   7   7   7   7   7   7   7   7   7   7 
284 322 342 344 360 365 380 396 413 422 426 427 431 433 469 475 477 479 480 492 
  7   7   7   7   7   7   7   7   7   7   7   7   7   7   7   7   7   7   7   7 
503 506 521 527 530 536 539 542 554 567 571 574 587 600 602 603 609 615 634 636 
  7   7   7   7   7   7   7   7   7   7   7   7   7   7   7   7   7   7   7   7 
639 641 654 664 694 719 726 728 739 745 752 759 773 778 785 789 798 800 808 823 
  7   7   7   7   7   7   7   7   7   7   7   7   7   7   7   7   7   7   7   7 
848 849 858   2  12  58  61  68  81  83  94  97 114 159 176 224 228 247 258 261 
  7   7   7   8   8   8   8   8   8   8   8   8   8   8   8   8   8   8   8   8 
266 280 292 293 295 303 324 326 352 369 374 379 394 397 442 463 464 474 515 517 
  8   8   8   8   8   8   8   8   8   8   8   8   8   8   8   8   8   8   8   8 
543 545 549 559 560 564 568 570 575 590 591 592 597 608 616 617 622 631 647 663 
  8   8   8   8   8   8   8   8   8   8   8   8   8   8   8   8   8   8   8   8 
670 702 711 713 721 725 729 744 760 763 766 769 815 834 839 841 851 853 855 856 
  8   8   8   8   8   8   8   8   8   8   8   8   8   8   8   8   8   8   8   8 
 13  69 105 120 147 164 175 177 190 210 241 243 250 265 304 306 327 336 343 346 
  9   9   9   9   9   9   9   9   9   9   9   9   9   9   9   9   9   9   9   9 
354 363 370 381 389 393 408 423 439 440 461 467 511 534 553 561 573 586 593 620 
  9   9   9   9   9   9   9   9   9   9   9   9   9   9   9   9   9   9   9   9 
630 637 640 653 662 668 677 686 692 701 712 753 762 774 811 838 842  19  27  53 
  9   9   9   9   9   9   9   9   9   9   9   9   9   9   9   9   9  10  10  10 
 75  90  93 156 191 234 278 279 290 350 351 367 414 472 482 502 512 523 525 552 
 10  10  10  10  10  10  10  10  10  10  10  10  10  10  10  10  10  10  10  10 
566 589 613 646 648 650 666 707 709 723 795 831 832  20  22  32  45  72  77  79 
 10  10  10  10  10  10  10  10  10  10  10  10  10  11  11  11  11  11  11  11 
125 127 129 131 139 153 174 182 183 193 194 201 217 231 242 256 275 285 355 376 
 11  11  11  11  11  11  11  11  11  11  11  11  11  11  11  11  11  11  11  11 
398 406 425 445 494 498 505 514 519 551 578 580 582 598 629 671 678 679 717 761 
 11  11  11  11  11  11  11  11  11  11  11  11  11  11  11  11  11  11  11  11 
764 799  10  54  62  82 157 195 202 213 216 270 271 299 305 313 317 319 320 334 
 11  11  12  12  12  12  12  12  12  12  12  12  12  12  12  12  12  12  12  12 
341 382 387 407 430 457 478 562 563 633 684 687 730 742 779   8  28  42  51  86 
 12  12  12  12  12  12  12  12  12  12  12  12  12  12  12  13  13  13  13  13 
103 149 185 208 219 225 235 260 272 302 368 415 424 447 484 489 496 516 548 579 
 13  13  13  13  13  13  13  13  13  13  13  13  13  13  13  13  13  13  13  13 
599 623 627 644 667 710 715 720 817 860  63 126 199 281 291 333 335 356 373 399 
 13  13  13  13  13  13  13  13  13  13  14  14  14  14  14  14  14  14  14  14 
409 419 444 490 500 531 558 724  37  44  57  60 111 118 203 215 220 262 264 274 
 14  14  14  14  14  14  14  14  15  15  15  15  15  15  15  15  15  15  15  15 
298 332 403 411 432 450 471 556 628 697 699 771 809 810   1  59 112 158 277 286 
 15  15  15  15  15  15  15  15  15  15  15  15  15  15  16  16  16  16  16  16 
309 314 349 357 465 476 572 604 611 691   9  47  56  64  73 102 138 173 207 310 
 16  16  16  16  16  16  16  16  16  16  17  17  17  17  17  17  17  17  17  17 
347 364 400 418 533 669 674  43 154 249 252 255 375 483 557 595 606 698 824  88 
 17  17  17  17  17  17  17  18  18  18  18  18  18  18  18  18  18  18  18  19 
106 135 148 167 307 325 330 632 737  30  49 130 180 214 233 337 436 488 504 544 
 19  19  19  19  19  19  19  19  19  20  20  20  20  20  20  20  20  20  20  20 
656 693  11  70 163 170 184 245 315  25 142 211 259 338 405 446 452 466 101 146 
 20  20  21  21  21  21  21  21  21  22  22  22  22  22  22  22  22  22  23  23 
230 297 485 676   3  18  29  31  33  34 134 151 181 237 340 642  23 328  87 165 
 23  23  23  23  24  24  24  24  24  24  24  24  24  24  24  24  25  25  26  26 
166 221 226 248 321 359 402 518  89 169 378 383   4 119 150 171 308 388 455  78 
 26  26  26  26  26  26  26  26  27  27  27  27  28  28  28  28  28  28  28  29 
160 453 576 108 128 448 136 236 239 353  84 141 168 300 316 329 460  36  39  46 
 29  29  29  30  30  30  31  31  31  31  32  32  32  32  32  32  32  33  33  33 
188 301 540 144 348 143 218 588   7  15 115  85 205 513 104 240 246 366 283 132 
 33  33  34  35  35  36  36  36  37  38  38  39  39  39  40  40  40  40  41  42 
137 263 395 110 287  41 232 267 254 113 145 179 222 109 257 391  50 410 152  38 
 42  42  42  43  43  44  44  44  45  46  46  46  46  47  47  48  50  50  51  52 
 74  65 555 569 497  66  48 196 124  16  35  55 172 121   5  24  67 133  26  76 
 52  53  61  61  62  63  67  73  79  85  86  87  87  90  99 111 111 157 184 192 