360,
Modularity = 0.8486939
> sort(sizes(wc11))
Community sizes
 232  233  236  237  239  243  246  247  248  249  250  251  252  253  254  255 
   2    2    2    2    2    2    2    2    2    2    2    2    2    2    2    2 
 256  257  258  260  261  262  263  266  269  270  271  278  279  280  282  283 
   2    2    2    2    2    2    2    2    2    2    2    2    2    2    2    2 
 174  203  207  208  214  220  222  224  235  275  277  281  285  287  289  290 
   3    3    3    3    3    3    3    3    3    3    3    3    3    3    3    3 
 291  293  295  296  334  129  165  202  205  227  240  286  292  294  317  318 
   3    3    3    3    3    4    4    4    4    4    4    4    4    4    4    4 
 327  328  339  348  145  150  153  157  185  188  191  195  201  229  231  241 
   4    4    4    4    5    5    5    5    5    5    5    5    5    5    5    5 
 264  267  274  308  326  352  357   37  143  146  147  154  209  211  299  305 
   5    5    5    5    5    5    5    6    6    6    6    6    6    6    6    6 
 307  312  320  321  325  329  330  333  337  338  346  347  355  164  171  199 
   6    6    6    6    6    6    6    6    6    6    6    6    6    7    7    7 
 206  212  221  268  273  297  302  304  314  319  322  324  331  335  349   59 
   7    7    7    7    7    7    7    7    7    7    7    7    7    7    7    8 
 122  132  173  213  228  242  272  284  288  310  311  313  343  344  351  354 
   8    8    8    8    8    8    8    8    8    8    8    8    8    8    8    8 
 356  359  124  126  139  183  204  215  218  226  238  245  298  300  306  316 
   8    8    9    9    9    9    9    9    9    9    9    9    9    9    9    9 
 336  340  342  345  353   73   76  108  155  175  176  179  198  259  265  276 
   9    9    9    9    9   10   10   10   10   10   10   10   10   10   10   10 
 301  323  332  358   68   83   94  111  138  158  210  223  303  315   53   81 
  10   10   10   10   11   11   11   11   11   11   11   11   11   11   12   12 
  97  100  119  120  123  128  152  182  192  197  216  341  350   34   66   95 
  12   12   12   12   12   12   12   12   12   12   12   12   12   13   13   13 
 117  135  142  159  184  186  187  200  225  244   50   55   57   85  103  109 
  13   13   13   13   13   13   13   13   13   13   14   14   14   14   14   14 
 134  161  167  178  309  116  131  156  163  230   64   67   84   96  106  166 
  14   14   14   14   14   15   15   15   15   15   16   16   16   16   16   16 
 169  194  219  114  125  148  151  177  180  217  141  168  170  196    3   65 
  16   16   16   17   17   17   17   17   17   17   18   18   18   18   19   19 
 107  181  234  144  190  121  162  193   40   51   62  133    4   24   74   92 
  19   19   19   20   20   21   21   21   22   22   22   22   23   23   23   23 
  78  149  172    6   20   60   93  160   63  118    2   41   54  112   48  105 
  24   24   24   25   25   25   25   25   26   26   27   27   27   27   28   28 
  26   69  113  136  189  130  137   90   98  101   35  104   70   79   18   91 
  29   29   29   29   29   30   30   31   31   31   32   32   33   33   34   34 
   9   75   42   88   89    1  115   87   99   72   71   43  140   15   61   77 
  36   36   37   39   41   42   42   44   44   46   47   49   51   52   53   61 
 110   25   29   82   56   19   36   30   44  127   10    8   47   28   52   33 
  61   62   62   62   63   64   68   72   72   73   75   77   78   79   80   82 
 102   13   14   80   46   27    5   31   39   58   12   86   32   38   49   21 
  85   95  100  101  103  108  110  114  115  117  121  156  170  188  244  264 
  45   17   23   16   22    7   11 
 298  329  381  463  637  782 1778 