116 119 122 174 175
176 177 178 201 219
278 284 427 428 458
459 471 473 522 523
524 539 542 544 664
665 681 682 695 702
718 719 751 769 770
771 772 805 883 931
981 982 1077 1078 1133
1164 1165 1173 1174 1175
1206 1285 1292 1316 1317
1340 1341 1343 1408 1409
1410 1411 1412 1439 1440
1441 1442 1452 1466 1483
1484 1509 1562 1647 1674
1675 1692 1697 1698 1710
1727 1770 1842 1843 1844
1845 1851 1869 1881 1898
1913 1915 1957 1958 1959
1960 2021 2051 2104 2105
2106 2140 2141 2200 2201
2209 2210 2211 2213 2219
2241 2242 2287 2308 2309
2321 2325 2351 2352 2353
2354 2409 2421 2422 2423
2424 2425 2426 2446 2447
2448 2449 2466 2467 2474
2491 2555 2556 2557 2639
2640 2722 2754 2760 2761
2762 2763 2772 2773 2774
2775 2778 2779 2817 2846
2847 2860 2881 2983 2985
3013 3014 3018 3023 3024
3029 3055 3056 3057 3058
3082 3083 3084 3085 3097
3098 3127 3128 3158 3159
3160 3161 3162 3271 3289
3290 3291 3292 3293 3294
3296 3297 3327 3328 3329
3350 3351 3384 3389 3390
3391 3407 3482 3483 3484
3515 3578 3579 3580 3581
3582 3583 3590 3591 3592
3596 3598 3599 3628 3629
3654 3665 3685 3686 3687
3717 3732 3748 3763 3780
3823 3824 3825 3836 3850
3892 3893 3894 3931 3932
3988 4024 4025 4032 4033
4060 4103 4104 4137 4138
4169 4170 4255 4257 4258
4273 4274 4275 4280 4289
4306 4311 4312 4313 4314
4321 4322 4323 4352 4361
4374 4375 4407 4408 4409
4412 4413 4434 4435 4445
4446 4447 4448 4456 4457
4468 4469 4480 4490 4532
4564 4565 4566 4567 4639
4640 4641 4670 4692 4694
4695 4719 4744 4774 4781
4791 4800 4801 4802 4817
4818 4820 4821 4831 4832
4833 4837 4838 4839 4846
4847 4874 4895 4898 4919
4920 4921 4938 4961 4989
4990 5026 5051 5071 5072
5095 5096 5097 5108 5117
5147 5148 5183 5221 5222
5239 5265 5266 5309 5310
5311 5421 5452 5480 5486
5489 5500 5518 5534 5579
5580 5581 5623 5625 5668
5706 5721 5816 5827 5828
5830 5831 5832 5833 5834
5835 5843 5850 5861 5924
5981 5983 5989 5990 5991
6011 6012 6070 6071 6078
6079 6080 6081 6086 6087
6097 6102 6109 6110 6117
6120 6121 6148 6157 6159
6172 6175 6202 6203 6204
6205 6220 6266 6306 6321
6324 6342 6343 6369 6384
6385 6388 6389 6390 6391
6434 6450 6458 6501 6527
6528 6538 6554 6564 6576
6587 6603 6604 6620 6621
6630 6631 6632 6657 6667
6688 6695 6715 6738 6743
6750 6751 6752 6754 6757
6777 6779 6791 6813 6817
6842 6843 6851 6852 6853
6854 6863 6869 6890 6891
6905 6907 6925 6987 6988
6989 7007 7029 7036 7037
7038 7046 7047 7068 7069
7107 7108 7114 7115 7214
7241 7263 7276 7279 7280
7346 7391 7403 7404 7407
7408 7409 7410 7433 7486
7532 7646 7732 7733 7777
7778 7800 7801 7802 7852
7896 7986 7987 8063 8078
8117 8119 8123 8128 8159
8160 8169 8179 8192 8193
8194 8214 8226 8239 8248
8256 8264 8265 8266 8267
8271 8272 8283 8284 8285
8286 8409 8457 8480 8511
8515 8522 8539 8541 8549
8566 8628 8630 8632 8633
8660 8675 8676 8677 8686
8703 8704 8705 8706 8737
8741 8742 8743 8771 8803
8809 8851 8852 8898 8933
8940 8941 8945 8952 8953
9020 9029 9060 9084 9115
9117 9123 9124 9125 9127
9128 9129 9153 9181 9182
9186 9199 9206 9232 9233
9234 9294 9298 9340 9341
9363 9395 9410 9411 9424
9441 9442 9461 9482 9483
9484 9500 9626 9684 9688
9689 9690 9711 9712 9713
9718 9726 9735 9736 9737
9741 9802 9836 9839 9854
9855 9856 9857 9890 9901
9902 9928 9930 9932 9939
9959 9960 9961 9968 10011
10031 10032 10068 10143 10151
10173 10189 10190 10197 10199
10216 10226 10227 10260 10261
10264 10287 10288 10308 10309
10328 10380 10381 10384 10385
10391 10392 10434 10454 10455
10472 10480 10481 10488 10489
10538 10544 10595 10645 10680
10681 10697 10698 10699 10700
10709 10710 10730 10732 10742
10758 10799 10804 10828 10854
10855 10860 10861 10870 10899
10933 10948 10955 10990 10992
11000 11058 11059 11062 11108
11113 11114 11128 11155 11230
11277 11290 11293 11294 11319
11328 11332 11337 11338 11369
11395 11396 11421 11428 11430
11433 11434 11443 11444 11453
11454 11525 11550 11551 11557
11558 11569 11575 11576 11577
11579 11601 11602 11611 11627
11660 11692 11739 11740 11749
11778 11779 11780 11781 11811
11829 11833 11834 11913 11917
11961 11996
