71 84 134 135 136
137 138 153 154 216
217 359 408 605 606
608 620 672 673 691
692 693 983 1059 1125
1144 1187 1380 1427 1654
1673 1750 1751 1906 1907
1908 1985 2067 2296 2297
2298 2665 2782 2927 2928
2931 2959 2961 3134 3309
3398 3492 3644 3645 3658
3659 3660 3661 4452 4497
4498 4504 4568 4589 4724
4828 4898 4904 4905 4906
5032 5070 5209 5232 5233
5234 5470 5471 5626 5642
5693 5739 5740 5846 5848
5894 6363 6479 6676 6880
6881 7153 7154 7155 7398
7506 7666 7667 7787 7788
7790 7982 7983 8046 8143
8175 8305 8314 8315 8433
8756 8770 8796 8836 8837
8924 8925 8975 8976 9041
9228 9433 9522 9523 9548
9549 9550 9578 9587 9637
9699 9786 9787 9788 9818
9925 9969 10005 10127 10136
10137 10218 10219 10270 10271
10492 10494 10506 10524 10613
10614 10647 10673 10674 10735
10770 10771 10772 10773 10831
10832 10834 11050 11051 11052
11098 11172 11351 11401 11571
11572 11606 12020 12021 12022
12023 12024 12025 12027 12028
12029 12030 12031 12032
