278 286 287 471 472
522 700 751 958 981
1068 1476 1798 1799 1800
1802 1903 1924 2154 2161
2186 2201 2212 2246 2247
2248 2301 2302 2304 2321
2322 2347 2348 2349 2464
2476 2753 2778 2779 2807
2883 3270 3542 3662 3675
3831 3832 3970 3994 4083
4084 4103 4202 4256 4387
4388 4429 4496 4556 4565
4566 4575 4577 4696 4732
4868 5151 5152 5198 5199
5217 5417 5418 5464 5485
5791 5916 5945 6070 6321
6338 6439 6445 6462 6518
6670 6672 6921 6922 6923
6924 7372 7406 7515 7530
7573 7582 7804 7821 7822
7849 7889 7892 7893 7894
7904 8054 8080 8087 8095
8264 8379 8409 8466 8504
8507 8514 8732 8793 8838
8839 8854 8923 8926 8935
8965 9059 9061 9110 9114
9299 9300 9402 9581 9633
9647 9734 9760 9761 9775
9894 9895 9933 9934 9935
9949 9964 9998 10011 10038
10039 10050 10053 10063 10200
10208 10215 10216 10296 10301
10386 10387 10394 10426 10441
10477 10502 10554 10682 10720
10808 10836 10837 10963 10966
11016 11060 11061 11080 11136
11210 11331 11389 11411 11428
11603 11742 11793 11905 11906
11907 11916
