249 320 782 915 971
972 973 1126 1127 1128
1279 1280 1446 1447 1448
1449 1475 1480 1481 1523
1524 1525 1527 1535 1582
1583 1639 1640 1641 1771
1784 1854 2039 2045 2057
2058 2469 2501 2502 2624
2625 2626 2627 2685 2825
2831 2880 2909 2910 2911
3053 3110 3111 3112 3113
3114 3246 3247 3274 3275
3323 3324 3456 3655 3753
3769 3774 3966 3997 4209
4383 4401 4402 4630 4631
4638 4673 4856 4857 4858
4962 4963 5013 5102 5114
5121 5154 5195 5317 5348
5349 5365 5426 5427 5428
5429 5499 5582 5583 5633
5634 5635 5636 5647 5648
5906 5943 6053 6058 6111
6112 6195 6196 6217 6218
6489 6629 6644 6645 6652
6659 6666 6713 6780 6781
6850 6873 6957 6966 6967
6992 7032 7033 7042 7264
7265 7311 7420 7421 7422
7424 7426 7474 7488 7591
7652 7713 7715 7782 7869
7870 7909 8014 8155 8238
8309 8408 8487 8496 8536
8537 8538 8542 8543 8544
8560 8561 8760 8827 8828
8829 8879 8880 8970 8971
9003 9004 9005 9006 9028
9058 9112 9217 9218 9270
9274 9276 9291 9292 9293
9354 9355 9419 9420 9464
9465 9508 9509 9510 9528
9604 9625 9698 9702 9714
9729 9742 9772 9795 9796
9797 9862 9944 9945 9996
9997 10033 10059 10074 10141
10158 10164 10210 10211 10231
10357 10358 10359 10365 10366
10367 10368 10417 10446 10512
10513 10519 10520 10530 10564
10565 10568 10657 10708 10721
10722 10845 10886 10887 10923
10983 11015 11263 11523 11679
11680 11758 11847 11848 11865
11866 11879 11949 11994
