0.1681908 0.002439919 0.177791 2.348412e-05 0.1032427
6.235439e-05 0.002401859 8.74581e-05 2.753311e-05 0.0007215294
0.00359388 0.0001352361 1.862534e-05 0.0001230892 0.003377664
0.0001060834 0.003018114 6.154459e-05 3.239189e-05 0.0009434138
0.001705433 1.862534e-05 0.09733844 2.429392e-05 0.001335356
0.001413096 2.591351e-05 0.003205178 3.563108e-05 0.003539624
0.0008583851 6.802297e-05 0.000131997 6.235439e-05 4.048986e-05
2.429392e-05 0.001725678 3.644088e-05 4.696824e-05 5.182702e-05
5.425642e-05 0.003505612 6.802297e-05 0.0001052736 0.0006381202
0.1345737 0.0002720919 3.07723e-05 0.0001052736 1.943513e-05
4.858784e-05 2.591351e-05 0.0001149912 3.644088e-05 1.862534e-05
4.372905e-05 3.644088e-05 3.968007e-05 2.83429e-05 6.073479e-05
4.048986e-05 0.0003052936 2.753311e-05 8.988749e-05 0.0009450334
0.0001052736 0.0009247885 6.559358e-05 0.0001020345 3.644088e-05
2.99625e-05 9.150709e-05 7.531114e-05 6.478378e-05 0.001112661
0.001401759 0.006130975 0.0001773456 5.74956e-05 0.001641459
3.158209e-05 0.0005611895 2.186453e-05 6.478378e-05 0.0002761409
2.99625e-05 0.006777193 0.00543131 5.91152e-05 2.510371e-05
0.0001230892 0.001026823 5.587601e-05 0.0001481929 6.397398e-05
8.988749e-05 5.425642e-05 5.9925e-05 0.001123189 8.74581e-05
3.644088e-05 0.000167628 2.753311e-05 3.563108e-05 2.510371e-05
2.591351e-05 0.0003563108 5.263682e-05 2.186453e-05 0.0003101523
3.239189e-05 0.0003943713 0.0001425243 0.00155886 0.0001190402
8.74581e-05 2.105473e-05 0.0001287578 6.073479e-05 7.207196e-05
5.020743e-05 5.263682e-05 7.774054e-05 3.887027e-05 3.320169e-05
9.636587e-05 0.0002145963 4.777804e-05 3.806047e-05 2.753311e-05
2.753311e-05 5.74956e-05 0.002030162 8.74581e-05 0.001094036
2.672331e-05 4.453885e-05 2.672331e-05 0.001469782 7.207196e-05
6.397398e-05 8.016993e-05 5.506621e-05 6.235439e-05 0.001192831
0.005873459 7.693074e-05 0.0004891175 2.672331e-05 3.239189e-05
0.00107784 0.001166108 7.207196e-05 0.001309442 2.83429e-05
0.0007077628 7.531114e-05 3.158209e-05 3.158209e-05 0.04345291
2.591351e-05 0.0004559159 0.001843099 0.0008421891 4.210946e-05
0.0001992101 5.74956e-05 0.0005466131 2.348412e-05 4.372905e-05
0.001083509 2.753311e-05 0.0005368956 0.0001409047 5.263682e-05
3.887027e-05 3.806047e-05 6.640337e-05 3.320169e-05 0.002194551
5.506621e-05 0.0005579503 2.753311e-05 0.0008721516 0.000115801
2.510371e-05 0.002552481 3.887027e-05 0.0004737314 0.000223504
0.0001255186 2.267432e-05 0.0002040689 0.001566148 5.83054e-05
0.0003312071 5.506621e-05 0.0001020345 0.002011536 5.263682e-05
2.83429e-05 0.0008162756 0.0005296074 2.348412e-05 0.0007182902
3.887027e-05 5.668581e-05 2.672331e-05 0.002141914 0.0001190402
4.777804e-05 2.348412e-05 4.939763e-05 4.291925e-05 0.001268142
0.0001975905 0.0001133716 7.693074e-05 2.267432e-05 2.99625e-05
0.0001943513 2.429392e-05 0.0006016794 0.0007822641 0.004116199
0.00107865 2.753311e-05 0.0003303973 0.0001481929 0.0009531314
0.0001627692 2.348412e-05 3.644088e-05 0.001591252 0.004423922
3.158209e-05 0.001842289 3.482128e-05 3.482128e-05 9.879526e-05
7.288175e-05 3.563108e-05 0.0001522419 6.883277e-05 0.0001984003
1.862534e-05 0.0001360459 8.178952e-05 3.320169e-05 7.855033e-05
4.696824e-05 2.591351e-05 3.07723e-05 3.725067e-05 3.07723e-05
2.429392e-05 2.186453e-05 3.968007e-05 9.312668e-05 1.943513e-05
5.9925e-05 0.0001328067 2.753311e-05 2.753311e-05 8.90777e-05
3.482128e-05 5.91152e-05 5.263682e-05 2.91527e-05 2.753311e-05
3.887027e-05 2.591351e-05 3.887027e-05 5.425642e-05 2.348412e-05
3.644088e-05 1.943513e-05 4.534865e-05 3.401148e-05 2.186453e-05
0.0001627692 2.510371e-05 3.320169e-05 6.316419e-05 5.587601e-05
3.07723e-05 7.531114e-05 0.00011985 2.83429e-05 3.320169e-05
7.531114e-05 3.158209e-05 0.0001813946 0.00011985 2.267432e-05
4.372905e-05 8.82679e-05 9.717567e-05 8.82679e-05 2.83429e-05
3.725067e-05 3.239189e-05 0.001588822 4.210946e-05 5.9925e-05
1.457635e-05 3.320169e-05 5.668581e-05 2.186453e-05 3.563108e-05
2.99625e-05 7.450135e-05 5.101723e-05 2.267432e-05 2.429392e-05
2.753311e-05 3.644088e-05 2.591351e-05 0.001412286 2.429392e-05
9.393648e-05 9.960506e-05 3.806047e-05 5.91152e-05 0.000127948
2.267432e-05 6.235439e-05 1.943513e-05 3.401148e-05 0.001004958
0.0001028443 0.001123189 2.510371e-05 1.214696e-05 0.001217125
2.429392e-05 3.968007e-05 6.883277e-05 5.83054e-05 3.806047e-05
2.672331e-05 3.563108e-05 3.563108e-05 8.988749e-05 3.320169e-05
5.182702e-05 3.482128e-05 7.207196e-05 4.048986e-05 1.781554e-05
5.263682e-05 2.672331e-05 1.862534e-05 0.0001441439 0.0002291726
8.82679e-05 2.591351e-05 0.0004243338 2.267432e-05 2.186453e-05
4.048986e-05 3.158209e-05 5.020743e-05 4.210946e-05 0.0001044638
2.510371e-05 0.0003895125 3.887027e-05 5.587601e-05 5.020743e-05
8.90777e-05 3.563108e-05 0.0005903422 0.0001992101 3.644088e-05
1.457635e-05 0.0007020942 2.83429e-05 3.158209e-05 2.591351e-05
8.016993e-05 2.429392e-05 3.563108e-05 1.943513e-05 2.267432e-05
0.0001546713 0.0001741064 0.0003012446 4.939763e-05 0.001450347
2.510371e-05 3.563108e-05 6.154459e-05 2.429392e-05 3.320169e-05
2.672331e-05 2.510371e-05 8.90777e-05 5.182702e-05 1.214696e-05
7.450135e-05 2.348412e-05 0.0006203047 2.267432e-05 0.0001101324
0.0001773456 4.048986e-05 1.862534e-05 0.0001975905 0.0002024493
0.0001822044 8.74581e-05 3.320169e-05 2.267432e-05 5.587601e-05
3.806047e-05 5.425642e-05 1.457635e-05 5.506621e-05 2.267432e-05
6.478378e-05 1.781554e-05 3.401148e-05 9.312668e-05 0.0007879327
9.069729e-05 0.0001328067 0.0001271382 1.700574e-05 4.291925e-05
2.510371e-05 0.0002178355 0.0001060834 3.806047e-05 4.453885e-05
6.883277e-05 3.563108e-05 3.563108e-05 2.024493e-05 0.0001044638
2.267432e-05 2.510371e-05 1.295676e-05 4.534865e-05 0.0003716969
2.429392e-05 0.000127948 2.83429e-05 2.429392e-05 3.806047e-05
4.534865e-05 4.372905e-05 4.453885e-05 2.672331e-05 3.644088e-05
2.753311e-05 2.591351e-05 4.777804e-05 2.429392e-05 0.0002000199
2.186453e-05 3.320169e-05 2.105473e-05 3.320169e-05 6.316419e-05
2.672331e-05 0.0001352361 0.0001400949 7.207196e-05 0.0002283628
0.0007085726 2.83429e-05 5.101723e-05 3.644088e-05 6.154459e-05
2.83429e-05 6.235439e-05 2.267432e-05 5.344662e-05 9.879526e-05
2.429392e-05 7.612094e-05 5.74956e-05 5.668581e-06 0.0001805848
2.429392e-05 6.397398e-05 2.429392e-05 9.474628e-05 2.83429e-05
7.774054e-05 6.235439e-05 2.348412e-05 6.397398e-05 7.126216e-05
0.0001651986 5.668581e-05 5.668581e-05 4.048986e-05 0.0001295676
7.612094e-05 6.721317e-05 2.753311e-05 2.429392e-05 9.474628e-05
2.510371e-05 3.239189e-06 4.939763e-05 3.968007e-05 2.83429e-05
6.721317e-05 3.482128e-05 2.267432e-05 2.510371e-05 5.263682e-05
6.559358e-05 3.482128e-05 4.372905e-05 6.640337e-05 0.0001951611
0.0002340314 5.101723e-05 0.0009515118 0.0001020345 1.457635e-05
3.563108e-05 3.482128e-05 7.612094e-05 2.429392e-05 2.83429e-05
6.721317e-05 3.644088e-05 3.07723e-05 3.401148e-05 3.239189e-06
9.393648e-05 4.210946e-05 3.725067e-05 6.559358e-05 0.0002988152
2.429392e-05 6.559358e-05 8.097973e-05 8.502871e-05 4.696824e-05
3.07723e-05 3.644088e-05 4.129966e-05 5.506621e-05 0.0002599449
9.312668e-05 0.0001400949 4.453885e-05 5.425642e-05 5.020743e-05
4.939763e-05 0.0001935415 4.372905e-05 2.99625e-05 8.82679e-05
2.672331e-05 2.91527e-05 3.401148e-05 1.133716e-05 2.83429e-05
3.239189e-05 3.806047e-05 8.74581e-05 2.83429e-05 0.0001376655
5.668581e-05 0.0002542763 3.644088e-05 6.235439e-05 4.939763e-05
4.372905e-05 2.429392e-05 4.615844e-05 2.591351e-05 1.943513e-05
4.939763e-05 6.235439e-05 0.0002607547 2.99625e-05 0.0002963858
2.591351e-05 5.587601e-05 3.482128e-05 4.696824e-05 4.777804e-05
2.429392e-05 0.0005425642 3.725067e-05 9.150709e-05 5.587601e-05
0.0002129767 0.0001295676 2.105473e-05 5.587601e-05 8.74581e-05
2.83429e-05 3.644088e-05 3.644088e-05 0.000283429 2.510371e-05
6.640337e-05 0.0001862534 7.207196e-05 2.83429e-05 2.186453e-05
2.83429e-05 6.478378e-05 2.429392e-05 0.0001174206 2.91527e-05
3.644088e-05 3.07723e-05 3.563108e-05 4.048986e-05 6.073479e-05
0.0001303774 3.725067e-05 3.563108e-05 2.348412e-05 4.210946e-05
2.429392e-05 1.619595e-05 3.968007e-05 4.291925e-05 0.0001247088
2.024493e-05 6.397398e-05 2.429392e-05 2.591351e-05 5.182702e-05
9.636587e-05 4.048986e-05 3.644088e-05 0.0006907571 0.0001562909
6.478378e-05 4.777804e-05 3.563108e-05 7.693074e-05 4.939763e-05
2.591351e-05 0.000163579 0.0001587203 4.048986e-05 4.939763e-05
0.0001044638 0.0001967807 3.806047e-05 2.753311e-05 2.753311e-05
3.644088e-05 4.372905e-05 7.288175e-06 7.369155e-05 3.320169e-05
8.583851e-05 0.0001052736 3.968007e-05 5.74956e-05 6.802297e-05
0.0001133716 5.263682e-05 3.968007e-05 2.91527e-05 1.700574e-05
2.024493e-05 3.644088e-05 6.640337e-05 2.267432e-05 4.939763e-05
4.372905e-05 7.531114e-05 4.534865e-05 8.097973e-05 2.267432e-05
3.158209e-05 5.587601e-05 4.129966e-05 2.105473e-05 2.672331e-05
2.429392e-05 2.429392e-05 2.83429e-05 4.453885e-05 2.348412e-05
0.0001214696 4.048986e-05 2.672331e-05 6.721317e-05 7.045236e-05
2.83429e-05 3.239189e-05 4.696824e-05 1.862534e-05 3.806047e-05
5.587601e-05 4.858784e-05 1.619595e-05 0.0002073081 4.696824e-05
2.753311e-05 4.048986e-05 3.644088e-05 0.0001174206 6.559358e-05
7.207196e-05 3.239189e-05 2.024493e-05 7.126216e-05 0.0001295676
5.263682e-05 0.0001328067 3.158209e-05 2.83429e-05 3.725067e-05
2.83429e-05 8.340912e-05 3.239189e-05 3.644088e-05 4.129966e-05
1.619595e-05 2.99625e-05 4.453885e-05 8.82679e-05 4.453885e-05
4.291925e-05 1.943513e-05 4.858784e-05 2.267432e-05 4.939763e-05
2.83429e-05 3.158209e-05 3.07723e-05 4.939763e-05 0.0004777804
4.048986e-05 7.288175e-05 4.939763e-05 1.619595e-05 7.612094e-05
0.0001344263 0.0001012247 2.99625e-05 4.615844e-05 2.348412e-05
5.668581e-05 0.0001417145 2.672331e-05 2.348412e-05 2.267432e-05
3.07723e-05 0.0003619794 4.453885e-05 3.482128e-05 2.510371e-05
4.372905e-05 2.753311e-05 6.640337e-05 1.943513e-05 4.858784e-05
7.531114e-05 4.858784e-05 8.664831e-05 2.429392e-05 2.429392e-05
4.615844e-05 2.429392e-05 7.531114e-05 0.0002251236 6.073479e-05
4.534865e-05 4.858784e-05 4.048986e-05 3.239189e-05 3.239189e-05
2.348412e-05 3.320169e-05 4.777804e-05 2.429392e-05 2.348412e-05
5.263682e-05 4.048986e-05 5.668581e-05 2.99625e-05 2.510371e-05
5.182702e-05 0.000115801 1.862534e-05 2.105473e-05 9.555608e-05
3.644088e-05 4.048986e-05 5.263682e-05 4.129966e-05 3.239189e-05
3.239189e-05 2.83429e-05 8.74581e-05 6.964256e-05 1.457635e-05
7.207196e-05 3.239189e-05 8.340912e-05 5.020743e-05 2.429392e-05
0.0001352361 2.267432e-05 6.478378e-05 3.07723e-05 2.510371e-05
3.482128e-05 4.453885e-05 6.397398e-05 3.482128e-05 0.0001052736
0.000103654 3.644088e-05 4.534865e-05 1.943513e-05 0.0005158408
4.534865e-05 4.372905e-05 2.753311e-05 2.753311e-05 3.239189e-05
8.82679e-05 6.721317e-05 2.267432e-05 3.07723e-05 3.320169e-05
9.555608e-05 5.263682e-05 4.048986e-05 2.348412e-05 0.000103654
2.429392e-05 2.591351e-05 3.887027e-05 3.158209e-05 4.048986e-05
3.887027e-05 4.858784e-05 6.721317e-05 4.048986e-05 2.83429e-05
3.887027e-05 3.644088e-05 3.644088e-05 8.74581e-05 9.717567e-06
0.0001004149 2.753311e-05 4.696824e-05 3.563108e-05 0.0001044638
9.636587e-05 2.186453e-05 0.0002907172 2.348412e-05 3.158209e-05
2.672331e-05 4.696824e-05 5.83054e-05 0.000523129 0.0001295676
5.91152e-05 5.263682e-05 3.07723e-05 0.0004081378 2.348412e-05
2.591351e-05 5.9925e-05 3.482128e-05 2.429392e-05 2.267432e-05
4.291925e-05 6.640337e-05 3.806047e-05 9.717567e-05 5.9925e-05
4.615844e-05 2.510371e-05 3.806047e-05 1.295676e-05 2.186453e-05
4.858784e-05 7.693074e-05 2.591351e-05 6.073479e-05 4.939763e-05
4.129966e-05 4.048986e-05 3.968007e-05 7.207196e-05 0.0001166108
2.753311e-05 1.538615e-05 2.024493e-05 2.186453e-05 5.668581e-05
3.482128e-05 4.048986e-05 4.615844e-05 4.048986e-05 2.753311e-05
3.644088e-05 3.482128e-05 7.045236e-05 2.105473e-05 0.0001579105
1.538615e-05 3.968007e-05 1.214696e-05 2.429392e-05 0.0001182304
1.619595e-05 2.429392e-05 2.429392e-05 4.777804e-05 1.538615e-05
9.717567e-06 3.563108e-05 5.344662e-05 1.781554e-05 4.129966e-05
2.672331e-05 6.964256e-05 3.239189e-05 2.348412e-05 2.753311e-05
4.048986e-05 0.0001328067 0.0001984003 4.372905e-05 6.073479e-05
1.943513e-05 5.344662e-05 2.267432e-05 2.91527e-05 8.016993e-05
0.0001522419 3.401148e-05 2.429392e-05 2.267432e-05 6.397398e-05
5.9925e-05 0.0001660084 2.753311e-05 5.9925e-05 4.534865e-05
2.672331e-05 7.288175e-06 4.777804e-05 4.453885e-05 7.774054e-05
2.510371e-05 6.397398e-05 8.74581e-05 4.858784e-05 3.482128e-05
2.429392e-05 2.753311e-05 4.048986e-05 3.320169e-05 2.99625e-05
0.0001149912 3.644088e-05 4.129966e-05 2.267432e-05 4.858784e-06
7.207196e-05 0.0001109422 1.943513e-05 5.587601e-05 8.74581e-05
8.421891e-05 2.267432e-05 2.753311e-05 2.83429e-05 2.348412e-05
3.158209e-05 2.024493e-05 2.83429e-05 3.158209e-05 2.429392e-05
2.348412e-05 4.858784e-05 7.612094e-05 3.239189e-05 9.636587e-05
2.429392e-05 5.668581e-05 5.506621e-05 2.267432e-05 4.048986e-05
2.753311e-05 2.591351e-05 3.482128e-05 3.320169e-05 1.943513e-05
1.619595e-05 3.158209e-05 9.231689e-05 7.693074e-05 2.348412e-05
0.0007782152 2.91527e-05 4.453885e-05 4.048986e-05 5.182702e-05
0.0001166108 0.0001247088 2.348412e-05 6.073479e-05 4.858784e-05
8.016993e-05 2.753311e-05 3.158209e-05 4.129966e-05 3.07723e-05
4.291925e-05 8.82679e-05 3.563108e-05 8.097973e-06 2.429392e-05
3.239189e-05 3.887027e-05 0.0002388902 2.83429e-05 4.453885e-05
4.777804e-05 7.855033e-05 2.024493e-05 8.097973e-05 4.210946e-05
5.263682e-05 4.777804e-05 8.259932e-05 0.0001044638 7.774054e-05
2.186453e-05 2.83429e-05 2.429392e-05 3.644088e-05 2.348412e-05
4.048986e-05 0.0001522419 1.538615e-05 3.239189e-05 4.534865e-05
4.615844e-05 5.182702e-05 2.99625e-05 4.048986e-05 5.506621e-05
3.158209e-05 0.0002056885 3.563108e-05 4.696824e-05 4.048986e-05
5.668581e-05 2.99625e-05 4.372905e-05 3.07723e-05 7.288175e-05
3.644088e-05 4.372905e-05 5.587601e-05 1.862534e-05 0.0001481929
1.619595e-05 1.700574e-05 3.239189e-06 4.453885e-05 2.510371e-05
1.295676e-05 2.83429e-05 6.154459e-05 0.0001052736 2.83429e-05
2.83429e-05 2.510371e-05 4.048986e-05 4.615844e-05 7.693074e-05
4.210946e-05 6.802297e-05 2.510371e-05 3.887027e-05 8.502871e-05
0.0001514321 0.0001174206 2.267432e-05 1.781554e-05 3.239189e-05
2.186453e-05 2.267432e-05 3.07723e-05 3.887027e-05 2.429392e-06
3.563108e-05 6.397398e-05 1.619595e-05 3.563108e-05 0.0001562909
4.777804e-05 2.510371e-05 4.534865e-05 2.99625e-05 5.020743e-05
2.753311e-05 2.429392e-05 2.672331e-05 3.239189e-05 2.99625e-05
3.239189e-05 3.320169e-05 0.0001247088 3.401148e-05 2.510371e-05
3.401148e-05 2.672331e-05 2.672331e-05 3.239189e-06 0.0001085128
8.097973e-06 3.725067e-05 6.073479e-05 0.0001093226 2.753311e-05
6.478378e-06 4.696824e-05 2.429392e-05 4.210946e-05 3.563108e-05
2.83429e-05 9.960506e-05 2.429392e-05 1.700574e-05 2.024493e-05
3.563108e-05 9.312668e-05 3.968007e-05 4.048986e-05 2.591351e-05
4.858784e-05 1.619595e-05 5.263682e-05 5.668581e-05 2.672331e-05
4.696824e-05 0.0001692476 2.83429e-05 8.097973e-06 8.664831e-05
2.429392e-05 0.0001935415 3.239189e-05 2.105473e-05 3.239189e-05
3.563108e-05 3.158209e-05 2.99625e-05 8.502871e-05 4.777804e-05
3.158209e-05 3.968007e-05 1.376655e-05 2.429392e-05 2.429392e-05
1.619595e-05 3.239189e-05 2.672331e-05 2.753311e-05 2.186453e-05
4.858784e-05 3.644088e-05 2.429392e-05 2.83429e-05 0.0001133716
2.753311e-05 7.693074e-05 4.453885e-05 9.312668e-05 8.988749e-05
8.502871e-05 3.239189e-05 7.531114e-05 2.348412e-05 2.753311e-05
4.453885e-05 4.048986e-05 4.858784e-05 0.0002380804 2.429392e-05
2.753311e-05 2.267432e-05 0.0001975905 2.591351e-05 3.401148e-05
5.182702e-05 0.0001230892 3.644088e-05 5.587601e-05 5.668581e-06
4.858784e-05 4.858784e-05 4.858784e-05 3.239189e-05 3.158209e-05
8.90777e-05 3.158209e-05 1.943513e-05 2.429392e-05 6.073479e-05
4.615844e-05 2.83429e-05 3.239189e-05 2.672331e-05 2.429392e-05
2.186453e-05 6.073479e-05 6.640337e-05 8.502871e-05 7.288175e-05
2.186453e-05 4.858784e-06 0.0004923567 4.129966e-05 7.369155e-05
0.0001190402 6.154459e-05 2.429392e-05 3.725067e-05 0.0001004149
2.83429e-05 6.478378e-06 5.9925e-05 2.591351e-05 8.988749e-05
2.429392e-05 2.105473e-05 2.186453e-05 2.186453e-05 3.07723e-05
4.048986e-05 6.478378e-06 2.186453e-05 3.806047e-05 3.401148e-05
2.591351e-05 3.644088e-05 3.644088e-05 2.348412e-05 3.07723e-05
5.9925e-05 1.619595e-05 4.048986e-05 0.0001903024 2.429392e-05
2.91527e-05 5.101723e-05 2.429392e-05 2.753311e-05 2.591351e-05
3.482128e-05 2.91527e-05 4.453885e-05 2.83429e-05 2.99625e-05
3.482128e-05 0.0001295676 2.348412e-05 4.291925e-05 0.0001230892
4.048986e-05 5.668581e-05 3.482128e-05 2.672331e-05 2.024493e-05
2.672331e-05 3.239189e-05 6.721317e-05 2.591351e-05 3.725067e-05
4.048986e-05 0.0001433341 1.943513e-05 6.802297e-05 2.99625e-05
2.105473e-05 1.700574e-05 2.99625e-05 5.344662e-05 2.429392e-05
2.99625e-05 2.510371e-05 4.372905e-05 2.429392e-05 3.644088e-05
3.07723e-05 2.83429e-05 2.510371e-05 3.644088e-05 3.644088e-05
4.291925e-05 3.725067e-05 2.348412e-05 4.048986e-05 2.429392e-05
2.672331e-05 6.316419e-05 5.9925e-05 0.0001692476 6.397398e-05
3.07723e-05 3.725067e-05 2.510371e-05 0.0001830142 8.016993e-05
1.295676e-05 3.158209e-05 2.83429e-05 2.105473e-05 3.07723e-05
5.101723e-05 0.0001247088 2.91527e-05 4.372905e-05 2.672331e-05
3.644088e-05 3.07723e-05 2.105473e-05 0.0003231091 4.858784e-05
4.858784e-06 7.207196e-05 3.644088e-05 3.725067e-05 3.887027e-05
2.591351e-05 2.672331e-05 3.239189e-05 4.291925e-05 3.239189e-05
3.887027e-05 1.619595e-05 3.239189e-05 2.267432e-05 2.83429e-05
3.239189e-05 2.591351e-05 2.83429e-05 2.348412e-05 3.07723e-05
2.83429e-05 4.210946e-05 3.482128e-05 3.968007e-05 0.0001311872
2.83429e-05 4.858784e-06 6.883277e-05 2.83429e-05 6.073479e-05
2.186453e-05 6.316419e-05 2.186453e-05 3.725067e-05 2.83429e-05
5.668581e-05 3.239189e-05 3.563108e-05 4.291925e-05 2.83429e-05
3.158209e-05 3.806047e-05 2.024493e-05 3.158209e-05 2.186453e-05
2.753311e-05 1.538615e-05 0.0002421294 1.376655e-05 4.372905e-05
4.453885e-05 6.478378e-05 4.858784e-05 4.453885e-05 3.158209e-05
7.693074e-05 3.401148e-05 5.587601e-05 7.693074e-05 2.91527e-05
3.644088e-05 2.753311e-05 4.291925e-05 6.883277e-05 5.425642e-05
3.563108e-05 4.696824e-05 6.073479e-05 2.105473e-05 2.672331e-05
0.0001255186 2.83429e-05 4.453885e-05 5.9925e-05 2.429392e-05
3.401148e-05 2.91527e-05 4.453885e-05 2.91527e-05 4.615844e-05
2.753311e-05 5.263682e-05 2.429392e-05 5.182702e-05 7.693074e-05
4.858784e-05 2.91527e-05 9.717567e-06 3.644088e-05 0.000223504
3.644088e-05 5.425642e-05 5.74956e-05 3.158209e-05 1.862534e-05
2.753311e-05 4.858784e-05 3.563108e-05 1.133716e-05 2.83429e-05
1.619595e-05 4.291925e-05 0.0001400949 2.672331e-05 0.00011985
3.887027e-05 7.288175e-06 3.158209e-05 2.83429e-05 0.0001886828
3.644088e-05 2.510371e-05 3.887027e-05 5.668581e-05 2.105473e-05
8.82679e-05 2.267432e-05 1.133716e-05 3.563108e-05 3.968007e-05
2.429392e-05 7.693074e-05 8.259932e-05 1.295676e-05 3.07723e-05
4.453885e-05 5.506621e-05 2.348412e-05 5.9925e-05 0.0001182304
5.263682e-05 1.538615e-05 6.478378e-05 3.158209e-05 0.0001546713
2.91527e-05 1.052736e-05 2.99625e-05 1.457635e-05 8.502871e-05
3.725067e-05 3.887027e-05 2.753311e-05 3.644088e-05 5.020743e-05
2.510371e-05 2.99625e-05 2.429392e-05 8.502871e-05 0.000115801
2.429392e-05 4.453885e-05 3.158209e-05 2.672331e-05 5.020743e-05
4.696824e-05 2.429392e-05 3.725067e-05 2.753311e-05 3.644088e-05
3.158209e-05 4.777804e-05 2.510371e-05 1.619595e-05 3.482128e-05
1.943513e-05 4.696824e-05 3.563108e-05 2.186453e-05 6.154459e-05
4.048986e-05 6.640337e-05 7.288175e-05 7.936013e-05 1.133716e-05
3.482128e-05 2.753311e-05 8.097973e-05 2.105473e-05 0.0001101324
3.968007e-05 3.563108e-05 2.83429e-05 4.453885e-05 2.91527e-05
3.239189e-05 8.016993e-05 0.0001214696 3.239189e-05 3.239189e-05
9.717567e-06 2.348412e-05 2.429392e-05 6.154459e-05 2.429392e-05
6.478378e-05 3.482128e-05 2.83429e-05 3.239189e-05 2.99625e-05
6.073479e-05 2.591351e-05 3.07723e-05 2.267432e-05 2.99625e-05
3.158209e-05 5.9925e-05 5.101723e-05 6.478378e-05 8.583851e-05
3.401148e-05 2.429392e-05 5.344662e-05 3.158209e-05 2.83429e-05
3.239189e-05 2.672331e-05 3.239189e-05 2.429392e-05 6.478378e-06
4.291925e-05 2.591351e-05 0.0003870831 4.048986e-05 0.000127948
4.048986e-05 2.91527e-05 8.664831e-05 4.453885e-05 3.239189e-06
4.453885e-05 5.182702e-05 1.781554e-05 1.457635e-05 3.644088e-05
3.563108e-05 4.048986e-05 3.968007e-05 3.158209e-05 0.0001020345
3.401148e-05 1.619595e-05 3.239189e-05 4.858784e-06 6.721317e-05
2.510371e-05 6.316419e-05 2.91527e-05 1.376655e-05 2.429392e-05
8.097973e-05 2.83429e-05 2.83429e-05 9.636587e-05 3.239189e-05
2.348412e-05 3.158209e-05 2.267432e-05 5.668581e-05 4.777804e-05
3.644088e-05 2.429392e-06 2.753311e-05 6.721317e-05 3.07723e-05
2.591351e-05 5.101723e-05 5.9925e-05 6.073479e-05 5.9925e-05
2.267432e-05 2.429392e-05 3.239189e-06 2.91527e-05 2.83429e-05
2.753311e-05 6.478378e-06 2.105473e-05 3.644088e-05 3.239189e-05
0.0001222794 9.231689e-05 3.158209e-05 4.048986e-05 0.000111752
4.777804e-05 4.291925e-05 2.672331e-05 2.348412e-05 5.668581e-06
3.968007e-05 5.668581e-05 1.052736e-05 2.672331e-05 7.612094e-05
3.887027e-05 0.0001522419 3.239189e-05 8.097973e-06 5.101723e-05
2.83429e-05 2.753311e-05 1.538615e-05 9.717567e-06 2.024493e-05
2.83429e-05 4.858784e-05 2.105473e-05 3.887027e-05 3.563108e-05
0.0001336165 2.753311e-05 5.587601e-05 2.429392e-05 2.753311e-05
5.101723e-05 2.429392e-05 2.348412e-05 2.591351e-05 3.239189e-05
2.186453e-05 4.858784e-05 5.587601e-05 1.781554e-05 3.158209e-05
7.693074e-05 0.0001230892 2.429392e-05 2.348412e-05 5.182702e-05
4.858784e-05 4.696824e-05 3.239189e-05 2.83429e-05 2.024493e-05
2.429392e-05 3.644088e-05 2.429392e-05 3.644088e-05 2.024493e-05
0.0001554811 3.644088e-05 0.0001611497 3.158209e-05 3.158209e-05
6.964256e-05 8.259932e-05 8.74581e-05 1.781554e-05 2.024493e-05
4.210946e-05 4.453885e-05 4.129966e-05 2.267432e-05 2.83429e-05
3.239189e-05 5.587601e-05 2.672331e-05 4.939763e-05 2.429392e-05
4.372905e-05 3.158209e-05 3.239189e-05 9.393648e-05 3.239189e-05
2.83429e-05 3.239189e-05 6.883277e-05 3.968007e-05 2.267432e-05
2.429392e-05 2.83429e-05 4.453885e-05 5.263682e-05 4.939763e-05
2.510371e-05 3.644088e-05 3.239189e-05 3.239189e-05 3.158209e-05
5.344662e-05 2.348412e-05 2.83429e-05 3.239189e-06 3.968007e-05
7.450135e-05 8.340912e-05 2.429392e-05 6.883277e-05 3.563108e-05
2.591351e-05 3.482128e-05 2.83429e-05 2.83429e-05 3.239189e-05
5.587601e-05 5.74956e-05 2.753311e-05 4.777804e-05 3.401148e-05
3.239189e-05 2.753311e-05 5.506621e-05 4.777804e-05 2.429392e-05
2.429392e-05 5.182702e-05 4.210946e-05 3.563108e-05 2.99625e-05
0.0002170257 5.74956e-05
